0 0.6843144285714285 0.29055859375000004 0.6898524642857142 0.28012714732142857 0.6863414151785714 0.27118405803571427 0.6782506696428571 0.2716080758928571 0.6695195892857143 0.2791645044642857 0.6570568526785714 0.3122695267857143 0.6631249151785715 0.31195151339285715 0.6822874419642858 0.30993312500000003 0.6851624642857143 0.30674009375000005 0.6843144285714285 0.29055859375000004
0 0.6697187008928571 0.34101546875000005 0.6630103125 0.34846588839285714 0.6642823660714285 0.3727381339285714 0.6674754017857143 0.37561316071428574 0.6785471785714285 0.3740187901785714 0.69015328125 0.36326933035714287 0.6891992366071429 0.34506514285714285 0.6817488169642857 0.33835675 0.6697187008928571 0.34101546875000005
0 0.6822573392857143 0.4448128392857143 0.6879013839285715 0.4364040758928572 0.6905686964285714 0.40989713839285713 0.6672547946428571 0.41010484375 0.6670384821428571 0.425328 0.6739545803571428 0.44119148214285714 0.6822573392857143 0.4448128392857143
0 0.6706469375 0.47483083035714285 0.6700066116071428 0.48196323660714285 0.6790514017857143 0.49974340624999997 0.6906532008928572 0.5082624732142856 0.6956569151785714 0.5069861160714286 0.6991722678571428 0.4966606741071429 0.6942788526785714 0.4806911830357143 0.68480575 0.47408879910714286 0.6706469375 0.47483083035714285
0 0.6909669107142857 0.5335990669642857 0.6838345044642857 0.5329587366071429 0.6815955089285713 0.5482878973214286 0.6695653883928571 0.5509466116071429 0.6724361116071428 0.5670221026785714 0.69809071875 0.5727764508928572 0.7071398080357143 0.5712880892857143 0.7085264687499999 0.5590459598214286 0.6941556517857144 0.5557426160714286 0.6909669107142857 0.5335990669642857
0 0.033284178571428576 0.5234454196428572 0.023281049107142855 0.5067295982142858 0.006993549107142857 0.5055549464285715 0.00007075446428571428 0.5144430580357143 0.003985433035714286 0.5891395937499999 0.004313330357142857 0.5898674821428571 0.00952905357142857 0.5926365 0.020600830357142857 0.5910421294642857 0.030290249999999998 0.5824213616071429 0.03561628125 0.5679445357142857 0.033284178571428576 0.5234454196428572
0 0.09428710714285714 0.5070648125 0.08151065625 0.51483325 0.07852533035714285 0.5352721294642857 0.07979738392857143 0.559544375 0.08458479017857143 0.5734911741071428 0.08777783035714286 0.5763662008928572 0.09682691517857143 0.5748778348214286 0.10066887946428571 0.5320833883928572 0.09748014732142858 0.5099398392857143 0.09428710714285714 0.5070648125
0 0.058324263392857144 0.42072099553571424 0.04885115178571429 0.41411860714285714 0.04278308928571428 0.4144366205357143 0.03234733928571428 0.4281671116071429 0.03383140178571429 0.4564847321428571 0.04585722321428571 0.4730945491071429 0.0589516875 0.47139417857142857 0.06640641071428571 0.4588340357142857 0.06513435267857143 0.43456179017857144 0.058324263392857144 0.42072099553571424
0 0 0.3575461830357143 0.0045769464285714285 0.3626904955357143 0.004894959821428571 0.36875855357142856 0.011069022321428573 0.3704632276785714 0.018523745535714287 0.3579030848214286 0.017675709821428572 0.3417215892857143 0.023531763392857143 0.3373582008928571 0.02204769642857143 0.3090405848214286 0.008957535714285715 0.29147242410714286 0.004814754464285714 0.2511246875 0.0017277276785714285 0.25027234821428573 0 0.2521911830357143 0 0.3575461830357143
0 0.08357204910714286 0.3413104732142857 0.07132562053571428 0.35919234375000003 0.07515038392857143 0.3934720223214286 0.07844942857142857 0.39836973214285715 0.08558183035714285 0.39901005803571427 0.0971879375 0.38826059375 0.09570387053571429 0.3599429776785715 0.08761742410714286 0.34109846428571433 0.08357204910714286 0.3413104732142857
0 0.055691348214285716 0.2930796964285714 0.06325207589285714 0.28254224107142856 0.061980022321428574 0.2582699955357143 0.05548794196428571 0.25049725892857144 0.05708660714285714 0.24230050892857144 0.05070053125 0.23655045982142855 0.04601913392857143 0.2246263482142857 0.03473534821428571 0.22217533928571429 0.02642829017857143 0.23782251339285715 0.032275736607142856 0.2719961875 0.03908583035714286 0.28583698214285713 0.04866494642857143 0.2944620535714286 0.055691348214285716 0.2930796964285714