0 0.16293108482142857 0.26393400892857144 0.12306489732142857 0.26043720089285716 0.11769958035714287 0.26340680803571426 0.11276134375 0.2842808392857143 0.11185376785714285 0.3705396919642857 0.12533379910714285 0.3762720401785714 0.15795280357142857 0.37635879910714287 0.1644058705357143 0.37237485267857146 0.16800278125 0.2693727321428571 0.16293108482142857 0.26393400892857144
0 0.18598060714285714 0.2668435580357143 0.18061528571428573 0.2698131696428571 0.17912045535714285 0.3728886964285714 0.18629423214285715 0.3784008258928572 0.22101532589285713 0.3785609910714286 0.2252929017857143 0.37660571875 0.22827585714285714 0.35145411607142857 0.2288898169642857 0.2736036026785714 0.18598060714285714 0.2668435580357143
0 0.2715187455357143 0.2582550535714286 0.2892029419642857 0.2641342232142857 0.3343610491071428 0.2667635 0.34108773660714287 0.13440560714285715 0.3360894464285714 0.12686479910714285 0.28187570089285713 0.11234373214285713 0.2764369732142857 0.11741542410714287 0.2715187455357143 0.2582550535714286
0 0.5610791517857143 0.3136166517857143 0.51287803125 0.3077241339285714 0.5022942008928571 0.3094591875 0.49903096875 0.31250220535714285 0.4963883392857143 0.38817722767857143 0.5161012142857143 0.39623188392857145 0.5676389776785714 0.39697929910714286 0.5719165535714286 0.3950240267857143 0.5723836919642856 0.32137767857142857 0.5610791517857143 0.3136166517857143
0 0.6297272142857143 0.30654298214285713 0.6359867633928572 0.2478314375 0.6354262098214286 0.20361426339285713 0.6303545133928571 0.19817554017857142 0.5967945803571428 0.19489895535714288 0.5760673616071428 0.18575655357142856 0.5363479821428572 0.17805558035714286 0.53301134375 0.18320067857142858 0.5296613526785714 0.21886270535714286 0.5291208080357143 0.29461113392857147 0.5362945803571428 0.30012326785714283 0.5781894508928571 0.30579556696428567 0.6297272142857143 0.30654298214285713
0 0.6561067232142858 0.15382490624999998 0.6522695848214285 0.14316767410714284 0.6547654017857143 0.07169681696428572 0.6143987187500001 0.052397674107142855 0.5956267723214286 0.04753284821428572 0.5923635401785715 0.05057586607142857 0.5886465133928571 0.09674830803571428 0.5879591562500001 0.1767009107142857 0.5972350178571428 0.18228645089285717 0.6306481383928572 0.18976720089285712 0.6527567276785715 0.1894869285714286 0.6561067232142858 0.15382490624999998
0 0.4621477366071428 0.28385379464285715 0.4686742098214286 0.2777677589285714 0.47143695089285714 0.25892241517857145 0.47256475000000003 0.16635730357142856 0.46336229464285716 0.1586696830357143 0.44879451785714286 0.15395166964285714 0.4236429151785714 0.15096870535714285 0.36529840625 0.1341987455357143 0.3547145803571429 0.13593379464285713 0.34990980803571425 0.18312057589285713 0.3532063973214286 0.2695262455357143 0.3834296964285714 0.2779479285714286 0.4621477366071428 0.28385379464285715
0 0.27194583035714287 0.2761594732142857 0.23410832142857144 0.2748381607142857 0.2294970669642857 0.37675253125 0.23254008482142857 0.38001576785714286 0.29031069642857144 0.38308548660714287 0.2946616741071429 0.3790281294642857 0.29586287946428574 0.28436094196428574 0.28868909821428573 0.2788488125 0.27194583035714287 0.2761594732142857
0 0.3116652098214286 0.2838604464285714 0.30571264285714284 0.30364673214285715 0.3031434196428572 0.37721967410714285 0.3082151116071428 0.38265839732142853 0.35337321428571433 0.3852876785714286 0.366059125 0.38362603125 0.3691421919642857 0.29533850446428567 0.3536334866071429 0.2874306607142857 0.3116652098214286 0.2838604464285714
0 0.37544844642857145 0.29555872321428567 0.37297933035714287 0.3059957366071429 0.3725855982142857 0.37754000000000004 0.3775838839285714 0.38508080803571426 0.4017945580357143 0.38487394196428576 0.40878816517857147 0.3051415580357143 0.4017612008928571 0.2954252589285714 0.38081376339285716 0.2925891116071429 0.37544844642857145 0.29555872321428567
0 0.009227803571428573 0.22702277678571428 0.03892148214285714 0.22908610714285715 0.04327245982142857 0.22502875000000003 0.0490715625 0.058964107142857144 0.040015919642857146 0.04707231696428572 0.015684098214285715 0.04213861607142857 0.009227803571428573 0.22702277678571428
0 0.40387659375 0.59646371875 0.39836445982142854 0.6036374955357143 0.3968696294642857 0.7067130267857143 0.39991264732142856 0.7099762633928571 0.44086658482142854 0.7124587232142857 0.4477600848214286 0.6958622723214286 0.4490346964285714 0.599093 0.43975883035714286 0.5935074598214286 0.40387659375 0.59646371875