0 0.2964226071428571 0.11389409821428571 0.3103910267857143 0.22750118749999998 0.31856291517857144 0.22880078571428572 0.3572858035714286 0.22239115178571428 0.36184663839285713 0.21695576339285713 0.35022727678571425 0.10717225446428572 0.34696604464285713 0.10443575446428573 0.2964226071428571 0.11389409821428571
0 0.40138200446428574 0.18529321428571427 0.3991833794642857 0.13713644642857142 0.37010688392857144 0.13867303571428571 0.36754529910714284 0.14393351339285715 0.3712184330357143 0.18591763839285713 0.3744796651785714 0.18865413392857144 0.40138200446428574 0.18529321428571427
0 0.4289839866071428 0.18992926339285715 0.41442693303571426 0.19623920982142856 0.41939966964285713 0.2300514419642857 0.4246601473214286 0.23261303125000002 0.4395670223214286 0.23030158035714285 0.4572103928571428 0.22472888839285712 0.4545867232142857 0.19474023214285713 0.4509756696428572 0.18800524107142857 0.4289839866071428 0.18992926339285715
0 0.6707552053571428 0.15568247321428572 0.6664576428571428 0.08353478125000001 0.6631964107142857 0.08079828124999999 0.6432039732142857 0.08254739285714285 0.6215621116071429 0.08846990178571427 0.6267718392857143 0.15953051785714287 0.6707552053571428 0.15568247321428572
0 0.43840653571428573 0.09039210714285714 0.40259505357142855 0.09553975892857143 0.40543124553571425 0.11644436160714286 0.4086924776785715 0.11918086160714285 0.41760162053571426 0.11739413839285714 0.44050546875 0.11438304017857144 0.44324196875000005 0.11112180803571428 0.4416677678571429 0.09312860714285713 0.43840653571428573 0.09039210714285714
0 0.46545749999999997 0.20386189285714287 0.46871873214285714 0.20659839285714285 0.49162258482142857 0.20358729464285716 0.49152289285714285 0.17942145089285713 0.4882616607142857 0.17668495089285716 0.4662699776785714 0.17860897767857145 0.4635334776785714 0.18187020982142857 0.46545749999999997 0.20386189285714287
0 0.51308953125 0.19566554017857143 0.5163507633928571 0.19840203571428572 0.5412538571428571 0.1952160267857143 0.5391549241071428 0.17122509821428572 0.5358936919642857 0.16848859821428572 0.5218989821428571 0.16971297767857144 0.5113404196428571 0.17567309821428573 0.51308953125 0.19566554017857143
0 0.47732880357142854 0.1323141517857143 0.4869752008928572 0.12744111160714286 0.4848762678571429 0.10345018303571428 0.4579739285714286 0.10681110714285715 0.45916069642857144 0.13188911160714287 0.46242192857142855 0.13462561160714287 0.47732880357142854 0.1323141517857143
0 0.48482551785714284 0.17194920982142858 0.48808675 0.17468570982142856 0.5109905982142857 0.17167460714285715 0.51863775 0.16697647767857143 0.5154893482142857 0.1309900892857143 0.4824143705357143 0.1328765 0.48107716071428575 0.15213168303571428 0.48482551785714284 0.17194920982142858
0 0.5031440669642857 0.12804106696428572 0.5066178169642858 0.12169350892857143 0.5026945535714286 0.09987673660714284 0.48961201339285715 0.10001403571428572 0.4848762678571429 0.10345018303571428 0.4891493571428572 0.12926544196428572 0.5031440669642857 0.12804106696428572
0 0.5242235803571428 0.12720412053571428 0.5194878392857143 0.13064026339285714 0.5226362410714286 0.16662665625 0.5278967142857143 0.1691882455357143 0.5388051026785714 0.16722660714285714 0.5426286830357142 0.16487754464285714 0.53948028125 0.12889115178571428 0.5362190446428572 0.12615465625 0.5242235803571428 0.12720412053571428
0 0.5067927276785714 0.12369275446428572 0.5100539642857143 0.1264292544642857 0.5329578125 0.12341815625 0.5326832098214286 0.09725307142857142 0.5294219776785715 0.09451657142857142 0.5076052053571428 0.09843983928571429 0.5048687053571429 0.10170107142857143 0.5067927276785714 0.12369275446428572
0 0.5683573928571428 0.07902288392857142 0.55453759375 0.08224650892857142 0.5519760044642857 0.08750698214285714 0.5649194330357143 0.2354510357142857 0.5690928348214286 0.23710045535714283 0.612201642857143 0.2232561919642857 0.6017821919642857 0.08113495982142857 0.5985209598214285 0.07839846428571429 0.5683573928571428 0.07902288392857142