0 0.9594043928571429 0.44514106249999996 0.8841692767857143 0.4467084642857143 0.8841692767857143 0.5109717857142857 0.9594043928571429 0.5172413794642857 0.9594043928571429 0.44514106249999996
0 0.9452978035714287 0.38401254017857145 0.8763322857142857 0.3902821339285714 0.8794670848214287 0.4357366785714286 0.9500000000000001 0.4310344821428571 0.9452978035714287 0.38401254017857145
0 0.9264890267857143 0.32288401339285716 0.8669279017857142 0.32601880803571426 0.8653605000000001 0.3777429464285714 0.9296238214285715 0.3730407544642857 0.9264890267857143 0.32288401339285716
0 0.9327586205357142 0.2680250758928571 0.8684952991071428 0.27272727232142857 0.8653605000000001 0.3103448258928571 0.9343260178571429 0.3087774285714286 0.9327586205357142 0.2680250758928571
0 1 0.36760774553571424 0.9625391875 0.3699059553571429 0.9641065803571429 0.42946708482142854 1 0.42833121874999996 1 0.36760774553571424
0 1 0.32622883482142856 0.9343260178571429 0.3354231964285714 0.9343260178571429 0.36363636160714286 1 0.36494984375 1 0.32622883482142856
0 1 0.2584663883928571 0.9531347946428571 0.26332288392857145 0.9468652053571428 0.31974921875 1 0.31351274107142857 1 0.2584663883928571
0 1 0.5100403035714286 0.9562695892857143 0.5125391875 0.9531347946428571 0.5768025089285714 1 0.5768025089285714 1 0.5100403035714286
0 1 0.44260965178571426 0.9782131696428572 0.4435736696428571 0.9766457678571429 0.5031347946428572 1 0.5001660357142858 1 0.44260965178571426
0 0.9515674017857142 0.5313479642857143 0.8465517232142857 0.5235109732142857 0.8402821339285714 0.605015674107143 0.9452978035714287 0.6206896562499999 0.9515674017857142 0.5313479642857143
0 0.8794670848214287 0.45611285267857143 0.8261755491071429 0.45611285267857143 0.8277429464285715 0.49686520535714285 0.8794670848214287 0.5 0.8794670848214287 0.45611285267857143
0 1 0.5873912499999999 0.9578369910714286 0.5862068973214286 0.9641065803571429 0.6410658303571429 1 0.6422236830357143 1 0.5873912499999999