0 0.4287853080357143 0.07258658035714285 0.40910840625 0.18428875446428572 0.4164756607142857 0.18788777232142856 0.45502686160714284 0.19303249107142856 0.46092346428571424 0.18920319196428573 0.481718625 0.08180483928571428 0.47942104910714284 0.078266875 0.4287853080357143 0.07258658035714285
0 0.5075606919642858 0.17065335267857143 0.5194289285714285 0.12438249553571427 0.49143054910714284 0.11741472321428571 0.4874791339285714 0.12165748214285714 0.4787964553571428 0.16250625892857143 0.48109403125 0.16604421875 0.5075606919642858 0.17065335267857143
0 0.5323735089285714 0.18304320089285714 0.5167510089285714 0.18480519642857143 0.5116673571428572 0.21828671428571428 0.5159101116071428 0.22223813392857145 0.5307056919642857 0.2243665 0.5490392321428571 0.22419729017857143 0.5552411428571429 0.19501958928571428 0.5537704866071429 0.18759127232142858 0.5323735089285714 0.18304320089285714
0 0.7714003571428572 0.22063501339285715 0.788230125 0.1510219955357143 0.7859325446428571 0.14748404017857145 0.76648075 0.1433494330357143 0.7442568482142857 0.14269172321428572 0.7286064017857142 0.21153887500000002 0.7714003571428572 0.22063501339285715
0 0.5701397053571429 0.09145053571428571 0.5347130044642857 0.08595341964285715 0.5313442589285714 0.10658454017857143 0.5336418348214286 0.1101225 0.542601875 0.11101048660714286 0.5651781741071429 0.11479269196428572 0.5687161339285715 0.11249511607142858 0.57243728125 0.09498849553571428 0.5701397053571429 0.09145053571428571
0 0.5628997410714286 0.20681279017857143 0.5651973214285715 0.21035075446428572 0.5877736205357144 0.2141329642857143 0.5946803258928571 0.19120426339285715 0.59238275 0.18766630357142858 0.5709857723214286 0.18311823214285713 0.5674478080357143 0.1854158125 0.5628997410714286 0.20681279017857143
0 0.6104109776785714 0.21284549107142858 0.6127085580357142 0.21638345089285713 0.6372300357142857 0.2205791205357143 0.6421915625 0.19723695982142855 0.6398939866071428 0.193699 0.6262777276785715 0.1908047767857143 0.6145455848214285 0.1933936919642857 0.6104109776785714 0.21284549107142858
0 0.5948774866071428 0.14245264285714285 0.6054303035714286 0.14062958928571428 0.6103918348214286 0.11728742857142857 0.5839251741071428 0.11267829910714286 0.5777843258928571 0.13678631696428573 0.58008190625 0.1403242767857143 0.5948774866071428 0.14245264285714285
0 0.5904986294642857 0.18218316517857144 0.5927962098214286 0.185721125 0.6153725089285714 0.18950333482142856 0.6239801473214286 0.18726681250000002 0.6314224419642857 0.15225358035714284 0.5995337053571428 0.14445888392857142 0.5926880580357142 0.16231790625 0.5904986294642857 0.18218316517857144
0 0.6205782857142857 0.14588245535714287 0.6257090267857143 0.14087383482142857 0.6283119151785714 0.11906339732142857 0.6158749776785715 0.11540331250000001 0.6103918348214286 0.11728742857142857 0.6069620267857143 0.14298823214285714 0.6205782857142857 0.14588245535714287
0 0.6407959419642857 0.1511963794642857 0.6353128035714286 0.15308049999999998 0.6278705089285713 0.18809373660714288 0.6321132633928571 0.19204515625000002 0.6430184866071428 0.19334660267857143 0.6473223080357142 0.19222834375 0.6547646026785714 0.15721510714285714 0.6524670223214286 0.1536771473214286 0.6407959419642857 0.1511963794642857
0 0.6252955669642857 0.14281901339285713 0.6275931473214286 0.14635697321428573 0.6501694419642857 0.1501391830357143 0.6574896116071428 0.12526530803571428 0.6551920357142856 0.12172734375000001 0.6333815982142857 0.11912445982142858 0.6298436339285713 0.12142203571428571 0.6252955669642857 0.14281901339285713
0 0.6965763973214285 0.11832548214285714 0.6825466785714286 0.1173764330357143 0.6785952544642857 0.12161919642857143 0.6479991607142858 0.2655625044642857 0.6514760580357143 0.26833461160714284 0.6963373214285714 0.26770484375 0.7276382142857143 0.13001053125 0.7253406339285714 0.12647257142857143 0.6965763973214285 0.11832548214285714