0 0.11921845535714286 0.08772034821428572 0.11402032142857144 0.05490061160714286 0.011845660714285713 0.07108348660714285 0.01606301785714286 0.09771082142857143 0.11921845535714286 0.08772034821428572
0 0.4100113125 0.20035687946428574 0.2960191696428572 0.21206371875000002 0.3088606428571428 0.3131806651785714 0.4123382053571429 0.29520449553571426 0.4100113125 0.20035687946428574
0 0.5185129151785715 0.29425742857142856 0.5093349598214286 0.18621249553571428 0.4175066205357143 0.19758280357142857 0.41690557589285715 0.3040027098214286 0.5185129151785715 0.29425742857142856
0 0.65030346875 0.18451544642857143 0.5337824464285714 0.19027507142857145 0.5365997321428572 0.28821888839285714 0.6479860669642857 0.28009863839285715 0.65030346875 0.18451544642857143
0 0.78360840625 0.1745105669642857 0.6685585535714286 0.18955880357142857 0.6602939419642857 0.2876708794642857 0.7920507767857143 0.2779111964285714 0.78360840625 0.1745105669642857
0 0.40997759375 0.3003391830357143 0.3170915401785714 0.31505088839285716 0.31728861607142855 0.38643179464285715 0.41865075446428573 0.3751384151785714 0.40997759375 0.3003391830357143
0 0.5220995044642857 0.2968632410714286 0.42668457589285713 0.3056277366071428 0.4338096339285714 0.38067216071428567 0.5297149598214286 0.37500387053571427 0.5220995044642857 0.2968632410714286
0 0.5012962276785714 0.4160044821428572 0.6299712678571429 0.43688469196428575 0.6811211205357143 0.38910995089285716 0.6503129598214287 0.3749462544642857 0.5420997633928571 0.37304230803571425 0.5012962276785714 0.4160044821428572
0 0.6432648348214285 0.2903680223214286 0.5460566026785714 0.2978296160714286 0.5526912723214286 0.3697778392857143 0.6518610669642857 0.3747010580357143 0.6432648348214285 0.2903680223214286
0 0.7870843526785715 0.28663248214285714 0.6623324375 0.29052188839285714 0.66677475 0.37868670089285716 0.7975652142857143 0.3928841205357143 0.7870843526785715 0.28663248214285714
0 0.5003010446428572 0.3796625758928571 0.4026024241071428 0.38402796875 0.37320291071428574 0.41883617410714286 0.4587619196428571 0.4179804464285714 0.5003010446428572 0.3796625758928571
0 0.23512861607142857 0.5089432366071429 0.37169802232142857 0.5095298705357143 0.45690609374999996 0.45636084375 0.4071986071428571 0.45312518303571425 0.30795188839285714 0.4577357723214286 0.23512861607142857 0.5089432366071429
0 0.5417295178571429 0.45086081250000004 0.48061800000000005 0.45577911607142857 0.4269392678571428 0.49760664732142856 0.5430612321428571 0.5093665178571428 0.6057833794642857 0.46451971428571426 0.5857349955357142 0.45817345089285716 0.5417295178571429 0.45086081250000004
0 0.3355243839285714 0.5216069598214286 0.21704179910714286 0.51498178125 0.1497954955357143 0.6414788705357143 0.2884033883928572 0.6449165133928572 0.3355243839285714 0.5216069598214286
0 0.5122674776785715 0.5253523169642856 0.38221260714285715 0.5157992053571429 0.3431254285714286 0.5695980848214286 0.32213948214285715 0.6475079151785714 0.4578963705357143 0.6529840491071429 0.4734255044642857 0.5806992991071428 0.5122674776785715 0.5253523169642856
0 0.279480125 0.7288504866071428 0.16050714732142857 0.7191291116071429 0.16402630357142858 0.9216995312499999 0.2822636919642857 0.9267766026785714 0.279480125 0.7288504866071428
0 0.45280489285714287 0.7410719419642857 0.32193750000000004 0.7364083258928572 0.3236633616071428 0.9376758392857143 0.45388649999999997 0.9583108526785714 0.45280489285714287 0.7410719419642857