0 0.3896484375 0.103515625 0.33984375 0.1083984375 0.34375 0.2197265625 0.3515625 0.2216796875 0.3896484375 0.21875 0.39453125 0.2138671875 0.392578125 0.1064453125 0.3896484375 0.103515625
0 0.40625 0.1845703125 0.4091796875 0.1875 0.435546875 0.1865234375 0.4375 0.1396484375 0.4091796875 0.138671875 0.40625 0.1435546875 0.40625 0.1845703125
0 0.4619140625 0.193359375 0.447265625 0.1982421875 0.44921875 0.2314453125 0.4541015625 0.234375 0.46875 0.2333984375 0.486328125 0.2294921875 0.486328125 0.2001953125 0.4833984375 0.193359375 0.4619140625 0.193359375
0 0.6572265625 0.111328125 0.65625 0.1806640625 0.69921875 0.1806640625 0.701171875 0.1103515625 0.6982421875 0.107421875 0.6787109375 0.107421875 0.6572265625 0.111328125
0 0.4794921875 0.09765625 0.4443359375 0.099609375 0.4453125 0.1201171875 0.4482421875 0.123046875 0.45703125 0.1220703125 0.4794921875 0.12109375 0.482421875 0.1181640625 0.482421875 0.1005859375 0.4794921875 0.09765625
0 0.49609375 0.1884765625 0.49609375 0.2099609375 0.4990234375 0.212890625 0.521484375 0.2119140625 0.5234375 0.1884765625 0.5205078125 0.185546875 0.4990234375 0.185546875 0.49609375 0.1884765625
0 0.54296875 0.1865234375 0.54296875 0.2060546875 0.5458984375 0.208984375 0.5703125 0.2080078125 0.5703125 0.1845703125 0.5673828125 0.181640625 0.5537109375 0.181640625 0.54296875 0.1865234375
0 0.49609375 0.1396484375 0.4990234375 0.142578125 0.513671875 0.1416015625 0.5234375 0.1376953125 0.5234375 0.1142578125 0.4970703125 0.115234375 0.49609375 0.1396484375
0 0.515625 0.1611328125 0.517578125 0.1806640625 0.5205078125 0.18359375 0.54296875 0.1826171875 0.55078125 0.1787109375 0.55078125 0.1435546875 0.5185546875 0.142578125 0.515625 0.1611328125
0 0.5234375 0.1142578125 0.525390625 0.1396484375 0.5390625 0.1396484375 0.54296875 0.1337890625 0.541015625 0.1123046875 0.5283203125 0.111328125 0.5234375 0.1142578125
0 0.5595703125 0.140625 0.5546875 0.1435546875 0.5546875 0.1787109375 0.5595703125 0.181640625 0.5703125 0.1806640625 0.57421875 0.1787109375 0.57421875 0.1435546875 0.5712890625 0.140625 0.5595703125 0.140625
0 0.54296875 0.1142578125 0.54296875 0.1357421875 0.5458984375 0.138671875 0.568359375 0.1376953125 0.5703125 0.1123046875 0.5673828125 0.109375 0.5458984375 0.111328125 0.54296875 0.1142578125
0 0.6064453125 0.09765625 0.5927734375 0.099609375 0.58984375 0.1044921875 0.58984375 0.2490234375 0.59375 0.2509765625 0.63671875 0.2412109375 0.638671875 0.1025390625 0.6357421875 0.099609375 0.6064453125 0.09765625