0 0 0 0 0.09082512499999999 0.05849753571428572 0.09082512499999999 0.06465517410714286 0 0 0
0 0.09236453124999999 0 0.09236453124999999 0.03540640178571429 0.19396551785714286 0.041564040178571425 0.19396551785714286 0 0.09236453124999999 0
0 0.45874384375000005 0.19550492410714287 0.3463669955357143 0.1893472901785714 0.34328817857142857 0.28940886607142857 0.44642857142857145 0.2878694598214286 0.45874384375000005 0.19550492410714287
0 0.5495689642857143 0.30326354464285715 0.5572660089285714 0.19704433482142858 0.46644088839285713 0.19396551785714286 0.44950738839285714 0.29710591071428566 0.5495689642857143 0.30326354464285715
0 0.6942733973214287 0.2170566517857143 0.5803571428571429 0.2047413794642857 0.5680418705357143 0.3001847276785714 0.6773399017857143 0.30942118303571425 0.6942733973214287 0.2170566517857143
0 0.8251231517857143 0.22783251339285715 0.7112068973214286 0.22475369642857143 0.6881157633928572 0.31865763392857144 0.8174261071428571 0.32943349553571427 0.8251231517857143 0.22783251339285715
0 0.4433497544642857 0.29248768303571426 0.3509852232142857 0.29248768303571426 0.3402093616071428 0.36176108482142855 0.44027093749999996 0.3663793125 0.4433497544642857 0.29248768303571426
0 0.55264778125 0.30634236607142856 0.45874384375000005 0.3001847276785714 0.45412561607142854 0.3740763526785714 0.5480295580357143 0.3833128080357143 0.55264778125 0.30634236607142856
0 0.6927339910714286 0.4202586205357143 0.6650246294642858 0.4017857142857143 0.5603448258928572 0.3833128080357143 0.5141625625 0.4187192098214286 0.6357758616071428 0.45874384375000005 0.6927339910714286 0.4202586205357143
0 0.6711822678571429 0.31865763392857144 0.5757389151785715 0.31096058928571424 0.5711206875 0.38177339732142856 0.6665640401785715 0.4017857142857143 0.6711822678571429 0.31865763392857144
0 0.8112684732142857 0.3371305401785714 0.6896551741071428 0.32173645535714285 0.68041871875 0.40794334821428574 0.8051108392857144 0.44181034375 0.8112684732142857 0.3371305401785714
0 0.5187807901785714 0.3833128080357143 0.42333743749999997 0.37253694642857144 0.3894704419642857 0.4017857142857143 0.47259852232142857 0.4141009866071429 0.5187807901785714 0.3833128080357143
0 0.46490147767857143 0.45104679910714285 0.4171798035714286 0.44027093749999996 0.32019704464285714 0.4294950758928571 0.24168719196428573 0.4679802946428571 0.3740763526785714 0.48953201785714284 0.46490147767857143 0.45104679910714285
0 0.6080665044642857 0.4818349732142857 0.5895935982142857 0.47259852232142857 0.5480295580357143 0.45874384375000005 0.48799261160714286 0.45412561607142854 0.4294950758928571 0.48645320089285715 0.5403325133928571 0.51570196875 0.6080665044642857 0.4818349732142857
0 0.3371305401785714 0.49568965625 0.22321428571428573 0.47105911160714287 0.13854679910714288 0.5834359598214285 0.2724753705357143 0.6080665044642857 0.3371305401785714 0.49568965625
0 0.43565270982142856 0.6419334955357143 0.46182266071428574 0.5741995089285714 0.5080049241071428 0.5264778303571428 0.3833128080357143 0.49722906250000004 0.3371305401785714 0.5434113303571428 0.30480295535714286 0.6157635446428572 0.43565270982142856 0.6419334955357143
0 0.2509236473214286 0.6881157633928572 0.13700738839285714 0.6604064017857143 0.10929803125000001 0.8574507410714285 0.22321428571428573 0.8805418705357143 0.2509236473214286 0.6881157633928572
0 0.4171798035714286 0.7266009866071429 0.2909482767857143 0.7019704419642857 0.26169950892857147 0.8974753705357142 0.38485221875 0.9375 0.4171798035714286 0.7266009866071429