0 0.20622640178571428 0.2706824107142857 0.1687594107142857 0.2654082410714286 0.16354675892857143 0.26794654464285717 0.1578514107142857 0.2874105892857143 0.1527263169642857 0.36880774107142855 0.1651699598214286 0.374887 0.19596319196428572 0.37658294642857143 0.20225304017857143 0.3731407678571429 0.21074577232142858 0.27606838839285713 0.20622640178571428 0.2706824107142857
0 0.22784483928571428 0.27457001339285714 0.22263218303571428 0.27710831696428573 0.2161205223214286 0.3743540133928572 0.22262095982142857 0.3799133125 0.2553952589285714 0.38178257589285713 0.25953071875 0.38014814732142854 0.26359164285714287 0.35654863839285716 0.2680234508928571 0.28307576785714283 0.22784483928571428 0.27457001339285714
0 0.30903140178571425 0.27069363839285715 0.3254371875 0.2771195357142857 0.36794350446428575 0.28183647767857145 0.38084380357142855 0.15720245089285714 0.37649775446428574 0.14983540625 0.3260298883928571 0.13344264285714286 0.32064391517857144 0.13796201339285713 0.30903140178571425 0.27069363839285715
0 0.5796830535714286 0.33729159375 0.5344651071428571 0.3293430714285714 0.5243864419642857 0.33045753125 0.5211548571428571 0.3331691517857143 0.5149152991071428 0.4044876383928572 0.5331288348214286 0.41306792857142854 0.5817516830357142 0.41632375892857143 0.5858871428571428 0.41468933482142856 0.5899723080357143 0.34517859821428576 0.5796830535714286 0.33729159375
0 0.6448477410714286 0.33400971428571424 0.6536628705357143 0.27888642410714287 0.6553215446428571 0.23711065178571428 0.6508021741071428 0.2317246785714286 0.6192783928571428 0.22697047767857143 0.6001609821428572 0.21731298660714285 0.5630406383928571 0.20807667857142856 0.5596357321428571 0.2127693705357143 0.5547082008928571 0.24627421875 0.5504497142857143 0.3177660267857143 0.5569501517857143 0.3233253214285714 0.5962248928571429 0.33075387946428575 0.6448477410714286 0.33400971428571424
0 0.6773108705357143 0.19112488839285713 0.6742153392857143 0.18087290178571427 0.6801082544642857 0.11351655357142856 0.642950638392857 0.09329770535714287 0.6254676607142857 0.08777567857142857 0.6222360714285714 0.09048729910714286 0.6164419419642858 0.1338975 0.6118368080357143 0.2093514419642857 0.6203183169642857 0.2150840580357143 0.6514954553571428 0.22380040178571428 0.67238334375 0.22462974107142858 0.6773108705357143 0.19112488839285713
0 0.4877487901785714 0.30429547767857146 0.49421195982142857 0.29887223214285713 0.4977529196428572 0.2812159330357143 0.5033979776785714 0.19387557589285714 0.49508979017857146 0.18616188839285713 0.4815689508928571 0.1809865044642857 0.45796944196428574 0.1769255848214286 0.40371275892857145 0.15820510714285715 0.3936340892857143 0.15931957142857142 0.38676276785714286 0.20363364285714286 0.3855998080357143 0.2853774330357143 0.4137186830357143 0.29482433035714284 0.4877487901785714 0.30429547767857146
0 0.30854870535714285 0.28761938839285717 0.2728894598214286 0.28449960714285716 0.26349285714285714 0.38049479017857146 0.2662044776785714 0.383726375 0.3205972142857143 0.38948324107142857 0.32490599553571425 0.3858677455357143 0.330724375 0.2965463169642857 0.32422393749999995 0.2909870223214286 0.30854870535714285 0.28761938839285717
0 0.3456690535714286 0.29685569196428574 0.3390698303571429 0.3152425446428571 0.33300359375 0.38457995535714284 0.33752296428571427 0.38996593749999997 0.3800292857142857 0.39468287053571427 0.39208902232142856 0.3937417321428572 0.3993685089285714 0.3105368348214285 0.38511711160714285 0.3023031830357143 0.3456690535714286 0.29685569196428574
0 0.4053117142857143 0.3110567946428571 0.4024640401785714 0.32078881696428574 0.3985521919642857 0.38831848660714285 0.4028982410714286 0.39568553125 0.42576719642857147 0.3966881919642857 0.43631553125 0.32175420982142855 0.43016173660714285 0.31223277232142854 0.4105243705357143 0.30851849553571425 0.4053117142857143 0.3110567946428571
0 0.07747936607142858 0.05380654464285715 0.07209339285714286 0.05832591517857143 0.05770774107142857 0.22275464285714283 0.06222711160714285 0.22814061607142858 0.09086595089285714 0.23164430357142857 0.09517473214285714 0.2280288080357143 0.10886709375 0.07152435714285714 0.10090555357142858 0.059848535714285715 0.07747936607142858 0.05380654464285715
0 0.4172632366071429 0.5965655669642856 0.4117039419642857 0.6030660044642857 0.40519227232142857 0.7003117098214285 0.40790389732142857 0.7035432946428571 0.4464480848214286 0.7079135892857142 0.4537778616071429 0.692585 0.4597695580357143 0.6012825089285715 0.4512880535714286 0.5955498883928572 0.4172632366071429 0.5965655669642856