0 0.1513671875 0.298828125 0.146484375 0.3017578125 0.142578125 0.3212890625 0.14453125 0.4013671875 0.1572265625 0.40625 0.1875 0.4052734375 0.193359375 0.4013671875 0.193359375 0.3056640625 0.1884765625 0.30078125 0.1513671875 0.298828125
0 0.2099609375 0.302734375 0.205078125 0.3056640625 0.20703125 0.4013671875 0.2138671875 0.40625 0.24609375 0.4052734375 0.25 0.4033203125 0.251953125 0.3798828125 0.25 0.3076171875 0.2099609375 0.302734375
0 0.2890625 0.1611328125 0.2890625 0.2919921875 0.3056640625 0.296875 0.34765625 0.2978515625 0.349609375 0.1748046875 0.3447265625 0.16796875 0.2939453125 0.15625 0.2890625 0.1611328125
0 0.5146484375 0.330078125 0.5048828125 0.33203125 0.501953125 0.3349609375 0.501953125 0.4052734375 0.5205078125 0.412109375 0.568359375 0.4111328125 0.572265625 0.4091796875 0.5703125 0.3408203125 0.5595703125 0.333984375 0.5146484375 0.330078125
0 0.5888671875 0.22265625 0.5693359375 0.21484375 0.5322265625 0.208984375 0.529296875 0.2138671875 0.52734375 0.2470703125 0.529296875 0.3173828125 0.5361328125 0.322265625 0.5751953125 0.326171875 0.623046875 0.3251953125 0.626953125 0.2705078125 0.625 0.2294921875 0.6201171875 0.224609375 0.5888671875 0.22265625
0 0.6005859375 0.08984375 0.5830078125 0.0859375 0.580078125 0.0888671875 0.578125 0.1318359375 0.580078125 0.2060546875 0.5888671875 0.2109375 0.6201171875 0.216796875 0.640625 0.2158203125 0.642578125 0.1826171875 0.638671875 0.1728515625 0.638671875 0.1064453125 0.6005859375 0.08984375
0 0.4638671875 0.193359375 0.4501953125 0.189453125 0.4267578125 0.1875 0.3720703125 0.173828125 0.3623046875 0.17578125 0.359375 0.2197265625 0.365234375 0.2998046875 0.3935546875 0.306640625 0.466796875 0.3095703125 0.47265625 0.3037109375 0.474609375 0.2861328125 0.47265625 0.2001953125 0.4638671875 0.193359375
0 0.2900390625 0.30859375 0.2548828125 0.30859375 0.25390625 0.4033203125 0.2568359375 0.40625 0.310546875 0.4072265625 0.314453125 0.4033203125 0.3125 0.3154296875 0.3056640625 0.310546875 0.2900390625 0.30859375
0 0.3271484375 0.314453125 0.322265625 0.3330078125 0.322265625 0.4013671875 0.3271484375 0.40625 0.369140625 0.4072265625 0.380859375 0.4052734375 0.380859375 0.3232421875 0.3662109375 0.31640625 0.3271484375 0.314453125
0 0.38671875 0.3232421875 0.384765625 0.3330078125 0.38671875 0.3994140625 0.3916015625 0.40625 0.4140625 0.4052734375 0.41796875 0.3310546875 0.4111328125 0.322265625 0.3916015625 0.3203125 0.38671875 0.3232421875
0 0.0439453125 0.099609375 0.0390625 0.1044921875 0.0390625 0.2666015625 0.0439453125 0.271484375 0.072265625 0.2724609375 0.076171875 0.2685546875 0.076171875 0.1142578125 0.0673828125 0.103515625 0.0439453125 0.099609375
0 0.4228515625 0.6015625 0.41796875 0.6083984375 0.419921875 0.7041015625 0.4228515625 0.70703125 0.4609375 0.7080078125 0.466796875 0.6923828125 0.46484375 0.6025390625 0.4560546875 0.59765625 0.4228515625 0.6015625