0 0 0 0 0.08793103571428572 0.05956112946428571 0.08793103571428572 0.06552255357142857 0 0 0
0 0.09404388839285714 0 0.09404388839285714 0.03150470089285714 0.19749216517857143 0.03777429464285714 0.19749216517857143 0 0.09404388839285714 0
0 0.46708464285714285 0.19451410267857144 0.35266457589285716 0.18824451339285714 0.34952978124999995 0.2901253928571429 0.4545454553571428 0.28855799553571426 0.46708464285714285 0.19451410267857144
0 0.5595611294642857 0.30423197321428574 0.5673981160714285 0.1960815044642857 0.47492163392857145 0.19294670982142859 0.45768025 0.2979623839285714 0.5595611294642857 0.30423197321428574
0 0.706896549107143 0.2164576830357143 0.5909090892857144 0.20391849553571428 0.57836990625 0.3010971785714286 0.6896551741071428 0.3105015669642857 0.706896549107143 0.2164576830357143
0 0.8401253928571428 0.22742946875 0.7241379330357143 0.22429467410714285 0.7006269598214285 0.3199059553571429 0.8322884017857143 0.3308777410714286 0.8401253928571428 0.22742946875
0 0.4514106607142857 0.2932601875 0.35736677232142855 0.2932601875 0.34639498660714285 0.3637931026785714 0.44827586160714283 0.36849529910714285 0.4514106607142857 0.2932601875
0 0.5626959241071429 0.30736677232142856 0.46708464285714285 0.3010971785714286 0.4623824464285714 0.37633228571428573 0.5579937321428571 0.38573667857142857 0.5626959241071429 0.30736677232142856
0 0.5235109732142857 0.4217868303571429 0.6473354241071428 0.4625391875 0.70532915625 0.42335423214285717 0.6771159866071429 0.40454545535714287 0.5705329151785714 0.38573667857142857 0.5235109732142857 0.4217868303571429
0 0.6833855803571429 0.3199059553571429 0.5862068973214286 0.3120689642857143 0.5815047008928572 0.3841692767857143 0.6786833883928571 0.40454545535714287 0.6833855803571429 0.3199059553571429
0 0.8260188080357143 0.33871473214285713 0.7021943571428572 0.32304075446428576 0.69278996875 0.4108150446428572 0.8197492187500001 0.44529780357142856 0.8260188080357143 0.33871473214285713
0 0.5282131696428571 0.38573667857142857 0.4310344821428571 0.3747648928571429 0.3965517232142857 0.40454545535714287 0.4811912232142857 0.4170846428571428 0.5282131696428571 0.38573667857142857
0 0.2460815044642857 0.47194357142857146 0.3808777410714286 0.4938871473214285 0.4733542321428571 0.4547021964285714 0.42476489285714286 0.4437304107142857 0.32601880803571426 0.4327586205357143 0.2460815044642857 0.47194357142857146
0 0.5579937321428571 0.4625391875 0.49686520535714285 0.45783699107142856 0.43730407589285714 0.49075234821428576 0.5501567410714286 0.5205329151785715 0.6191222589285715 0.48605015625000003 0.6003134821428572 0.47664576785714285 0.5579937321428571 0.4625391875
0 0.3432601875 0.5001567410714286 0.2272727276785714 0.47507836607142856 0.14106583035714285 0.5894984330357144 0.27742946875 0.6145768035714285 0.3432601875 0.5001567410714286
0 0.5172413794642857 0.5315047008928572 0.3902821339285714 0.5017241383928571 0.3432601875 0.5487460803571429 0.3103448258928571 0.6224137901785715 0.4435736696428571 0.6490595580357142 0.4702194375 0.5800940446428572 0.5172413794642857 0.5315047008928572
0 0.25548589732142857 0.6960815044642857 0.13949843303571427 0.6678683348214286 0.11128526785714286 0.8684952991071428 0.2272727276785714 0.8920062678571429 0.25548589732142857 0.6960815044642857
0 0.42476489285714286 0.7352664598214286 0.29623824553571426 0.7101880848214286 0.26645768303571427 0.9092476517857142 0.39184953125 0.9500000000000001 0.42476489285714286 0.7352664598214286