0 0.689453125 0.2978515625 0.6865234375 0.2890625 0.6787109375 0.2890625 0.669921875 0.2958984375 0.65625 0.3271484375 0.662109375 0.3271484375 0.6806640625 0.326171875 0.68359375 0.3232421875 0.68359375 0.3076171875 0.689453125 0.2978515625
0 0.6669921875 0.35546875 0.66015625 0.3623046875 0.66015625 0.3857421875 0.6630859375 0.388671875 0.673828125 0.3876953125 0.685546875 0.3779296875 0.685546875 0.3603515625 0.6787109375 0.353515625 0.6669921875 0.35546875
0 0.66015625 0.4365234375 0.666015625 0.4521484375 0.673828125 0.4560546875 0.6796875 0.4482421875 0.68359375 0.4228515625 0.6611328125 0.421875 0.66015625 0.4365234375
0 0.6611328125 0.484375 0.66015625 0.4912109375 0.66796875 0.5087890625 0.6787109375 0.517578125 0.68359375 0.5166015625 0.6875 0.5068359375 0.68359375 0.4912109375 0.6748046875 0.484375 0.6611328125 0.484375
0 0.6708984375 0.541015625 0.66796875 0.5556640625 0.65625 0.5576171875 0.658203125 0.5732421875 0.6826171875 0.580078125 0.69140625 0.5791015625 0.693359375 0.5673828125 0.6796875 0.5634765625 0.677734375 0.5419921875 0.6708984375 0.541015625
0 0.0361328125 0.482421875 0.0205078125 0.48046875 0.0078125 0.4951171875 0.0078125 0.5048828125 0 0.5263671875 0.013671875 0.5615234375 0.0185546875 0.564453125 0.029296875 0.5634765625 0.0390625 0.5556640625 0.044921875 0.5419921875 0.044921875 0.4990234375 0.0361328125 0.482421875
0 0.091796875 0.4931640625 0.087890625 0.5126953125 0.087890625 0.5361328125 0.091796875 0.5498046875 0.0947265625 0.552734375 0.103515625 0.5517578125 0.109375 0.5107421875 0.107421875 0.4892578125 0.1044921875 0.486328125 0.091796875 0.4931640625
0 0.0654296875 0.39453125 0.0595703125 0.39453125 0.048828125 0.4072265625 0.048828125 0.4345703125 0.0595703125 0.451171875 0.072265625 0.4501953125 0.080078125 0.4384765625 0.080078125 0.4150390625 0.07421875 0.4013671875 0.0654296875 0.39453125
0 0.044921875 0.2919921875 0.033203125 0.2744140625 0.03125 0.2353515625 0.0283203125 0.234375 0.025390625 0.2373046875 0.0234375 0.2607421875 0.0185546875 0.267578125 0.0126953125 0.267578125 0.0078125 0.2763671875 0.0078125 0.2919921875 0.01171875 0.3056640625 0.017578125 0.3095703125 0.017578125 0.3330078125 0.025390625 0.3427734375 0.025390625 0.3486328125 0.03125 0.3505859375 0.0390625 0.3388671875 0.0390625 0.3232421875 0.044921875 0.3193359375 0.044921875 0.2919921875
0 0.1025390625 0.326171875 0.08984375 0.3427734375 0.091796875 0.3759765625 0.0947265625 0.380859375 0.1015625 0.3818359375 0.11328125 0.3720703125 0.11328125 0.3447265625 0.1064453125 0.326171875 0.1025390625 0.326171875
0 0.08203125 0.2294921875 0.076171875 0.2236328125 0.072265625 0.2119140625 0.0615234375 0.208984375 0.052734375 0.2236328125 0.056640625 0.2568359375 0.0625 0.2705078125 0.0712890625 0.279296875 0.078125 0.2783203125 0.0859375 0.2685546875 0.0859375 0.2451171875 0.080078125 0.2373046875 0.08203125 0.2294921875