0 0.9467364553571428 0.43719211607142855 0.8728448258928572 0.4387315267857143 0.8728448258928572 0.5018472901785714 0.9467364553571428 0.5080049241071428 0.9467364553571428 0.43719211607142855
0 0.9328817723214285 0.3771551741071429 0.86514778125 0.3833128080357143 0.8682266026785713 0.4279556651785715 0.9375 0.42333743749999997 0.9328817723214285 0.3771551741071429
0 0.9144088660714286 0.3171182276785714 0.855911330357143 0.32019704464285714 0.8543719196428572 0.37099753571428573 0.9174876830357144 0.3663793125 0.9144088660714286 0.3171182276785714
0 0.9205665044642857 0.2632389151785714 0.8574507410714285 0.26785714285714285 0.8543719196428572 0.30480295535714286 0.9221059107142857 0.30326354464285715 0.9205665044642857 0.2632389151785714
0 1 0.36022167410714284 0.9498152723214286 0.3633004910714286 0.9513546785714285 0.42179803125 1 0.4202586205357143 1 0.36022167410714284
0 0.9990763526785714 0.3586822678571429 0.9990763526785714 0.31865763392857144 0.9221059107142857 0.32943349553571427 0.9221059107142857 0.35714285714285715 0.9990763526785714 0.3586822678571429
0 1 0.25246305357142856 0.9405788169642857 0.2586206875 0.9344211830357143 0.31403941071428576 1 0.30634236607142856 1 0.25246305357142856
0 1 0.5665024642857143 0.9975369464285714 0.5003078839285714 0.9436576339285715 0.5033867008928572 0.9405788169642857 0.5665024642857143 1 0.5665024642857143
0 1 0.43411329910714286 0.9652093616071429 0.43565270982142856 0.9636699508928571 0.4941502455357143 1 0.48953201785714284 1 0.43411329910714286
0 0.9390394107142858 0.5218596071428572 0.8358990133928571 0.5141625625 0.8297413794642857 0.5942118214285713 0.9328817723214285 0.6096059107142857 0.9390394107142858 0.5218596071428572
0 0.8682266026785713 0.44796798214285716 0.8158867008928572 0.44796798214285716 0.8174261071428571 0.48799261160714286 0.8682266026785713 0.49107142857142855 0.8682266026785713 0.44796798214285716
0 0.9513546785714285 0.6296182276785715 0.9990763526785714 0.6311576339285715 1 0.5772783258928572 0.9451970446428571 0.5757389151785715 0.9513546785714285 0.6296182276785715