0 0.7530763482142857 0.14012259375 0.6633379776785714 0.13752420535714285 0.6552082321428572 0.3076617767857143 0.7273539732142857 0.3130490714285714 0.7480956741071428 0.30721913839285714 0.7530763482142857 0.14012259375
0 0.7137179062500001 0.030043928571428572 0.6653188660714286 0.02403913392857143 0.6604410223214287 0.12612167410714287 0.6831020223214285 0.12858121875 0.7120611607142857 0.12495871428571428 0.7137179062500001 0.030043928571428572
0 0.6249420669642857 0.26791759821428573 0.6519098794642858 0.2601323482142857 0.65601571875 0.024908745535714285 0.5332275 0.023797464285714283 0.5279999330357142 0.26416147321428574 0.6192303526785714 0.26697326339285715 0.6249420669642857 0.26791759821428573
0 0.5856045133928571 0.3931345669642857 0.5875493839285715 0.2817128616071429 0.5287975089285715 0.27759135267857143 0.5237395758928571 0.38999071875 0.5856045133928571 0.3931345669642857
0 0.6322230892857144 0.32377251785714284 0.6391695267857143 0.2805499017857143 0.6030786473214286 0.2788879375 0.5992452678571428 0.32113289285714286 0.6322230892857144 0.32377251785714284
0 0.32798193303571427 0.07594271875 0.30807382589285714 0.09313916517857143 0.30532615625 0.13230708482142858 0.34210656250000004 0.1535890267857143 0.35527910714285715 0.10841109375 0.32798193303571427 0.07594271875
0 0.42828923660714285 0.06427762946428571 0.36950134375 0.06221948660714286 0.36429935267857144 0.1828723125 0.41378409374999997 0.1858000625 0.42833569642857144 0.17986208482142857 0.42828923660714285 0.06427762946428571
0 0.48070173214285716 0.01772064285714286 0.4342940267857143 0.015878598214285715 0.4354261964285714 0.1283860089285714 0.46015055803571425 0.1308815669642857 0.478792875 0.12707898214285715 0.48070173214285716 0.01772064285714286
0 0.5241148705357143 0.1319980669642857 0.5280870937500001 0.022675741071428574 0.4858421339285714 0.018842366071428574 0.4808922544642857 0.12505163839285713 0.5241148705357143 0.1319980669642857
0 0.422336125 0.28708503125 0.4259481875 0.19839635267857145 0.3795404821428571 0.19655430357142856 0.3769781160714286 0.28422930357142856 0.422336125 0.28708503125
0 0.5168907500000001 0.30937541964285714 0.5240068214285715 0.13818816517857144 0.4383951875 0.1356618080357143 0.4344281875 0.30380804464285716 0.5168907500000001 0.30937541964285714
0 0.33222715178571427 0.1874724732142857 0.3103637366071429 0.19844281249999998 0.3077961383928572 0.2272939017857143 0.3425131830357143 0.24853983035714286 0.35376642857142854 0.19507241964285713 0.33222715178571427 0.1874724732142857