0 0.634765625 0.3154296875 0.703125 0.3193359375 0.72265625 0.3134765625 0.724609375 0.1552734375 0.6396484375 0.154296875 0.634765625 0.3154296875
0 0.63671875 0.1435546875 0.658203125 0.1455078125 0.685546875 0.1416015625 0.685546875 0.0517578125 0.6396484375 0.046875 0.63671875 0.1435546875
0 0.513671875 0.2763671875 0.6000482455357143 0.27752104464285715 0.60546875 0.2783203125 0.630859375 0.2705078125 0.630859375 0.0478515625 0.5146484375 0.048828125 0.513671875 0.2763671875
0 0.5703125 0.3974609375 0.5703125 0.2919921875 0.5146484375 0.2890625 0.51171875 0.3955078125 0.5703125 0.3974609375
0 0.61328125 0.3310546875 0.619140625 0.2900390625 0.5849609375 0.2890625 0.58203125 0.3291015625 0.61328125 0.3310546875
0 0.30078125 0.1552734375 0.3359375 0.1748046875 0.34765625 0.1318359375 0.3212890625 0.1015625 0.302734375 0.1181640625 0.30078125 0.1552734375
0 0.357421875 0.2021484375 0.404296875 0.2041015625 0.41796875 0.1982421875 0.416015625 0.0888671875 0.3603515625 0.087890625 0.357421875 0.2021484375
0 0.423828125 0.1494140625 0.447265625 0.1513671875 0.46484375 0.1474609375 0.46484375 0.0439453125 0.4208984375 0.04296875 0.423828125 0.1494140625
0 0.5078125 0.1513671875 0.509765625 0.0478515625 0.4697265625 0.044921875 0.466796875 0.1455078125 0.5078125 0.1513671875
0 0.4140625 0.2998046875 0.416015625 0.2158203125 0.3720703125 0.21484375 0.37109375 0.2978515625 0.4140625 0.2998046875
0 0.50390625 0.3193359375 0.5078125 0.1572265625 0.4267578125 0.15625 0.42578125 0.3154296875 0.50390625 0.3193359375
0 0.3046875 0.2451171875 0.337890625 0.2646484375 0.34765625 0.2138671875 0.3271484375 0.20703125 0.306640625 0.2177734375 0.3046875 0.2451171875