0 0.7338413794642857 0.09608832589285714 0.6434704464285714 0.10294911607142856 0.6532618258928571 0.27462401339285714 0.7262641696428572 0.27241971875 0.7464735044642856 0.2643777544642857 0.7338413794642857 0.09608832589285714
0 0.6341225357142858 0 0.6393586785714286 0.09180674107142858 0.6623697142857142 0.09188483035714286 0.6910622410714286 0.08519197767857144 0.6836089107142858 0 0.6341225357142858 0
0 0.5268702098214286 0 0.5008394642857142 0.002497977678571429 0.5209551875 0.24437351785714287 0.6128466517857143 0.23756954017857143 0.6186808258928572 0.23791492410714285 0.6449348035714285 0.22725283482142858 0.6250527544642858 0 0.5268702098214286 0
0 0.5923995669642858 0.3677830089285714 0.5825945446428572 0.2557111026785714 0.523173125 0.2577728660714286 0.5299558214285714 0.3711548348214286 0.5923995669642858 0.3677830089285714
0 0.6318849598214286 0.29322457589285716 0.6342981116071428 0.24909633482142857 0.5978877276785715 0.2512361875 0.5984968928571428 0.2940543660714286 0.6318849598214286 0.29322457589285716
0 0.3002768169642857 0.07650979910714285 0.28210384821428575 0.09587570535714286 0.28347835714285713 0.13548998660714287 0.32265140178571433 0.15297570089285714 0.3311091964285714 0.10622733035714285 0.3002768169642857 0.07650979910714285
0 0.39975375446428574 0.05421330357142857 0.34051390625 0.05835046875 0.34802290625000004 0.1800340625 0.3980142142857143 0.17775167857142857 0.4119973348214286 0.1702544419642857 0.39975375446428574 0.05421330357142857
0 0.41368418749999997 0.11782457589285714 0.43877062946428574 0.11772108928571427 0.4570861339285714 0.11193611160714287 0.44752753125 0.0026808258928571428 0.40087986607142856 0.00676196875 0.41368418749999997 0.11782457589285714
0 0.5031082053571428 0.11209228125000001 0.4955601607142857 0.0019142098214285715 0.4527419866071428 0.002523379464285714 0.45897996428571425 0.10967912946428571 0.5031082053571428 0.11209228125000001
0 0.4172883973214286 0.2785386830357143 0.41155609374999996 0.18911466517857142 0.3647686830357143 0.19216239285714284 0.3714478973214286 0.28045791517857144 0.4172883973214286 0.2785386830357143
0 0.5145727946428572 0.2909403125 0.5036529285714286 0.1183185 0.41743280803571425 0.12481613839285714 0.43119342410714284 0.2940524821428571 0.5145727946428572 0.2909403125
0 0.31630805803571427 0.18803698214285713 0.2955149553571429 0.2013582455357143 0.29598159375 0.2305954955357143 0.33307923660714284 0.2482627857142857 0.3387353258928571 0.19339436607142857 0.31630805803571427 0.18803698214285713