0 0.0048828125 0.173828125 0.00390625 0.2509765625 0.0078125 0.2705078125 0.0166015625 0.27734375 0.0703125 0.2802734375 0.078125 0.2705078125 0.078125 0.1826171875 0.0693359375 0.177734375 0.0048828125 0.173828125
0 0.2236328125 0.18359375 0.1435546875 0.177734375 0.140625 0.1904296875 0.146484375 0.3076171875 0.1513671875 0.3125 0.1669921875 0.314453125 0.2265625 0.3154296875 0.23046875 0.3095703125 0.228515625 0.2275390625 0.232421875 0.1904296875 0.2236328125 0.18359375
0 0.2509765625 0.21875 0.24609375 0.2236328125 0.248046875 0.4248046875 0.3046875 0.4267578125 0.34765625 0.4248046875 0.34765625 0.2314453125 0.3330078125 0.224609375 0.2509765625 0.21875
0 0.1865234375 0.361328125 0.1630859375 0.357421875 0.1533203125 0.359375 0.150390625 0.4736328125 0.1552734375 0.478515625 0.21875 0.4775390625 0.224609375 0.4755859375 0.224609375 0.3662109375 0.2197265625 0.361328125 0.1865234375 0.361328125
0 0.4091796875 0.259765625 0.3662109375 0.26171875 0.361328125 0.2666015625 0.36328125 0.3251953125 0.3779296875 0.330078125 0.419921875 0.3291015625 0.4287109375 0.328125 0.431640625 0.3232421875 0.431640625 0.2724609375 0.4091796875 0.259765625
0 0.3740234375 0.37109375 0.369140625 0.3759765625 0.369140625 0.4736328125 0.3740234375 0.478515625 0.427734375 0.4775390625 0.431640625 0.4755859375 0.431640625 0.3759765625 0.4248046875 0.37109375 0.3740234375 0.37109375
0 0.4609375 0.3642578125 0.4609375 0.4521484375 0.4658203125 0.47265625 0.4921875 0.4716796875 0.49609375 0.4658203125 0.49609375 0.3564453125 0.4833984375 0.35546875 0.4609375 0.3642578125
0 0.5419921875 0.125 0.513671875 0.1474609375 0.517578125 0.2880859375 0.5234375 0.2900390625 0.55859375 0.2744140625 0.55859375 0.1220703125 0.5556640625 0.119140625 0.5419921875 0.125
0 0.634765625 0.1025390625 0.6298828125 0.099609375 0.5927734375 0.123046875 0.587890625 0.1298828125 0.58984375 0.2509765625 0.5927734375 0.259765625 0.599609375 0.2587890625 0.6298828125 0.248046875 0.63671875 0.2412109375 0.63671875 0.1201171875 0.634765625 0.1025390625
0 0.6240234375 0.1015625 0.587890625 0.1279296875 0.58984375 0.2548828125 0.5927734375 0.259765625 0.6015625 0.2587890625 0.63671875 0.2431640625 0.63671875 0.1025390625 0.6337890625 0.099609375 0.6240234375 0.1015625
0 0.5498046875 0.318359375 0.517578125 0.3349609375 0.51953125 0.4677734375 0.55859375 0.4677734375 0.5625 0.4541015625 0.5625 0.3466796875 0.560546875 0.3212890625 0.5498046875 0.318359375
0 0.5908203125 0.318359375 0.587890625 0.3310546875 0.59375 0.4228515625 0.591796875 0.4599609375 0.5966796875 0.46484375 0.63671875 0.4638671875 0.642578125 0.4599609375 0.642578125 0.3115234375 0.6337890625 0.306640625 0.5908203125 0.318359375
0 0.7470703125 0 0.701171875 0.0341796875 0.701171875 0.2958984375 0.708984375 0.2978515625 0.892578125 0.2412109375 0.8916015625 0 0.7470703125 0