0 0.0361328125 0.228515625 0.033203125 0.2314453125 0.03125 0.2958984375 0.033203125 0.3291015625 0.0478515625 0.3359375 0.109375 0.3408203125 0.115234375 0.3349609375 0.115234375 0.2431640625 0.1123046875 0.240234375 0.0361328125 0.228515625
0 0.140625 0.3662109375 0.193359375 0.3681640625 0.1953125 0.2978515625 0.1806640625 0.29296875 0.1416015625 0.291015625 0.140625 0.3662109375
0 0.23046875 0.2685546875 0.23046875 0.2275390625 0.2197265625 0.22265625 0.1416015625 0.212890625 0.138671875 0.2177734375 0.140625 0.2880859375 0.1591796875 0.29296875 0.193359375 0.2919921875 0.1953125 0.2724609375 0.1982421875 0.26953125 0.2275390625 0.271484375 0.23046875 0.2685546875
0 0.34375 0.31026785714285715 0.049107142857142856 0.07589285714285714
0 0.6396484375 0.248046875 0.634765625 0.2529296875 0.63671875 0.3076171875 0.62890625 0.3232421875 0.623046875 0.3544921875 0.62109375 0.4091796875 0.6494140625 0.4140625 0.6728515625 0.41015625 0.6787109375 0.4140625 0.748046875 0.4150390625 0.76171875 0.4052734375 0.759765625 0.2197265625 0.7470703125 0.21875 0.6396484375 0.248046875
0 0.2783203125 0.326171875 0.2373046875 0.32421875 0.232421875 0.3291015625 0.232421875 0.3642578125 0.2373046875 0.369140625 0.3046875 0.3701171875 0.310546875 0.3681640625 0.3076171875 0.306640625 0.2841796875 0.306640625 0.2783203125 0.326171875
0 0.2822265625 0.236328125 0.279296875 0.2392578125 0.279296875 0.2978515625 0.2841796875 0.3046875 0.294921875 0.3056640625 0.310546875 0.3017578125 0.310546875 0.2431640625 0.2958984375 0.236328125 0.2822265625 0.236328125
0 0.37890625 0.2177734375 0.380859375 0.2255859375 0.3857421875 0.232421875 0.396484375 0.2333984375 0.40234375 0.2294921875 0.40234375 0.2197265625 0.3837890625 0.212890625 0.37890625 0.2177734375
0 0.380859375 0.2490234375 0.380859375 0.2607421875 0.3876953125 0.267578125 0.3984375 0.2666015625 0.40234375 0.2626953125 0.400390625 0.2509765625 0.3837890625 0.24609375 0.380859375 0.2490234375
0 0.380859375 0.2919921875 0.3857421875 0.296875 0.3984375 0.2978515625 0.40234375 0.2958984375 0.400390625 0.2822265625 0.3818359375 0.27734375 0.380859375 0.2919921875
0 0.3837890625 0.310546875 0.37890625 0.3173828125 0.380859375 0.3271484375 0.3876953125 0.333984375 0.39453125 0.3330078125 0.40234375 0.3271484375 0.40234375 0.3173828125 0.3935546875 0.310546875 0.3837890625 0.310546875
0 0.4091796875 0.21875 0.41015625 0.2353515625 0.4169921875 0.240234375 0.423828125 0.2392578125 0.4296875 0.2333984375 0.427734375 0.2236328125 0.4189453125 0.21875 0.4091796875 0.21875
0 0.4345703125 0.2265625 0.431640625 0.2314453125 0.43359375 0.2392578125 0.4423828125 0.24609375 0.447265625 0.2451171875 0.451171875 0.2412109375 0.451171875 0.2294921875 0.4482421875 0.2265625 0.4345703125 0.2265625
0 0.4560546875 0.23046875 0.455078125 0.2412109375 0.4638671875 0.25 0.470703125 0.2490234375 0.474609375 0.2412109375 0.47265625 0.2333984375 0.4658203125 0.228515625 0.4560546875 0.23046875
0 0.4345703125 0.2578125 0.43359375 0.2705078125 0.447265625 0.2744140625 0.451171875 0.2705078125 0.451171875 0.2607421875 0.4482421875 0.2578125 0.4345703125 0.2578125
0 0.43359375 0.2998046875 0.4384765625 0.3046875 0.44921875 0.3037109375 0.451171875 0.2900390625 0.4482421875 0.287109375 0.43359375 0.2900390625 0.43359375 0.2998046875
0 0.45703125 0.2724609375 0.4638671875 0.279296875 0.470703125 0.2783203125 0.474609375 0.2705078125 0.47265625 0.2626953125 0.4580078125 0.26171875 0.45703125 0.2724609375
0 0.478515625 0.2470703125 0.4853515625 0.25390625 0.494140625 0.2529296875 0.49609375 0.2373046875 0.4931640625 0.234375 0.4794921875 0.234375 0.478515625 0.2470703125
0 0.4619140625 0.30859375 0.470703125 0.3076171875 0.47265625 0.2919921875 0.4580078125 0.291015625 0.458984375 0.3056640625 0.4619140625 0.30859375
0 0.478515625 0.2685546875 0.478515625 0.2744140625 0.4833984375 0.28125 0.4921875 0.2822265625 0.49609375 0.2783203125 0.49609375 0.2685546875 0.4833984375 0.263671875 0.478515625 0.2685546875