0 0 0.38669768303571433 0.06395082142857143 0.3884144821428572 0.06998 0.38171840625000003 0.06475593303571428 0.2820372455357143 0.061407897321428574 0.2790226517857143 0 0.2728433571428571 0 0.38669768303571433
0 0.13863960714285714 0.3323960401785714 0.09611094196428571 0.33249817410714283 0.09932979464285714 0.41420746428571426 0.15670458928571426 0.41332728125 0.15482405357142856 0.33686459821428566 0.13863960714285714 0.3323960401785714
0 0.15337909821428572 0.30929321428571427 0.15639368303571427 0.30594517410714284 0.1883179732142857 0.30639879464285713 0.1913325625 0.3030507589285714 0.18899840178571428 0.25851236160714286 0.17705570982142857 0.2538215 0.09166492410714286 0.24766313392857145 0.08876149107142858 0.2531320535714286 0.09488377678571427 0.3293724285714286 0.11530997321428571 0.3336186964285714 0.15236972767857143 0.330613125 0.15337909821428572 0.30929321428571427
0 0.3169642857142857 0.34151785714285715 0.05803571428571429 0.08482142857142858
0 0.6863542723214285 0.4355469866071428 0.7617009375 0.4326615892857143 0.7759913169642857 0.4212791607142857 0.7633111517857143 0.21990710267857144 0.7494698839285715 0.21956914285714285 0.63448896875 0.25749555357142856 0.6294646562499999 0.2630756160714286 0.6346977410714285 0.3223489910714286 0.6271034464285714 0.3397605982142857 0.62251921875 0.3740280669642857 0.6235105580357143 0.4335237366071429 0.6545411294642857 0.4372142455357143 0.6797693392857143 0.4316386875 0.6863542723214285 0.4355469866071428
0 0.2518240803571429 0.34135120089285714 0.24657295535714288 0.36289340625 0.2019234107142857 0.3631066919642857 0.19689909821428572 0.36868675892857145 0.19889980803571428 0.40686251785714284 0.2044798705357143 0.41188683482142857 0.2777056651785714 0.4091125848214286 0.28395713839285713 0.4066582589285714 0.2772745892857143 0.34001739285714283 0.2518240803571429 0.34135120089285714
0 0.24570179017857144 0.2651108169642857 0.24268720089285714 0.26845885714285717 0.24602171428571426 0.3320851339285714 0.2517129285714286 0.3392303258928572 0.26343332142857145 0.3396794330357143 0.2801780267857143 0.3345484776785714 0.2768435133928571 0.27092220535714284 0.2605479196428572 0.2643327633928571 0.24570179017857144 0.2651108169642857
0 0.3521946919642857 0.24783290624999998 0.35788590625 0.2549780982142857 0.3696062991071428 0.2554272098214286 0.37574662946428566 0.25085200446428574 0.375190875 0.24024762500000002 0.3546535267857143 0.23388048660714286 0.3496292142857143 0.23946055357142856 0.3521946919642857 0.24783290624999998
0 0.3541954017857143 0.28600866964285715 0.3620074910714286 0.2930427142857143 0.3736167321428571 0.2913709464285715 0.3776361875 0.2869068928571429 0.37484840178571427 0.2742927857142857 0.35654308482142855 0.2699353794642857 0.35352849553571425 0.2732834151785714 0.3541954017857143 0.28600866964285715
0 0.37539513839285715 0.3253049598214286 0.3795257410714286 0.32296178125 0.3766268080357143 0.30822680357142856 0.35620061607142856 0.3039805401785714 0.3559738080357143 0.31994268750000004 0.3615538705357143 0.324967 0.37539513839285715 0.3253049598214286
0 0.36021104910714286 0.33992428125 0.3552978839285714 0.3476252232142857 0.35797451339285713 0.35811844642857144 0.36578660267857144 0.36515249107142855 0.37315409375 0.36370302678571426 0.38130414732142853 0.35689579464285714 0.38074839732142857 0.34629141964285715 0.3708154285714286 0.33936852678571433 0.36021104910714286 0.33992428125
0 0.38456358035714283 0.25677003125 0.3922645223214286 0.26168319196428574 0.39963201339285714 0.26023372767857145 0.4056611919642857 0.2535376517857143 0.4029845625 0.24304441964285714 0.3931627455357143 0.23824241071428573 0.38255836607142857 0.23879816071428572 0.38456358035714283 0.25677003125
0 0.4105743526785714 0.24583670535714286 0.40767091517857146 0.251305625 0.4102363928571428 0.2596779776785714 0.42016936160714285 0.2666008660714286 0.4254159732142857 0.2652625535714286 0.42943542410714286 0.2607985 0.4287685223214286 0.24807324553571428 0.42542048214285716 0.24505865624999998 0.4105743526785714 0.24583670535714286
0 0.43367717857142857 0.26057620089285716 0.44372129464285714 0.2696199642857143 0.4510887857142857 0.2681705 0.4548859330357143 0.25946469642857145 0.4523204553571429 0.25109234375 0.4446195178571429 0.2461791785714286 0.4341262901785714 0.2488558080357143 0.43367717857142857 0.26057620089285716
0 0.4270832276785714 0.2970756875 0.43110267857142853 0.29261163839285714 0.43054692857142857 0.2820072589285714 0.42719888839285713 0.2789926696428571 0.41235275892857143 0.2797707232142857 0.41201479910714284 0.2936119910714286 0.4270832276785714 0.2970756875
0 0.43087136160714284 0.32877767857142853 0.4322141830357143 0.31382039285714286 0.42886614285714286 0.3108058080357143 0.41312630357142854 0.31482074553571426 0.41368205357142857 0.32542512500000004 0.4192621160714286 0.3304494419642857 0.43087136160714284 0.32877767857142853
0 0.45275604017857146 0.2999836339285714 0.4565531875 0.29127783482142855 0.45398771428571427 0.28290547767857144 0.4380255714285714 0.28267866964285715 0.43757645982142857 0.29439906250000003 0.4453885491071429 0.30143310267857143 0.45275604017857146 0.2999836339285714
0 0.4767615982142857 0.2710784419642857 0.47799326785714286 0.25400028571428573 0.47464523214285714 0.25098570089285716 0.4597990982142857 0.2517637544642857 0.4594611383928572 0.2656050223214286 0.46727322767857143 0.27263906250000003 0.4767615982142857 0.2710784419642857
0 0.43969282589285713 0.31449180803571425 0.44158689285714287 0.33034280357142853 0.4449349285714286 0.33335738839285717 0.45442329910714285 0.3317967767857143 0.45565496874999994 0.3147186205357143 0.43969282589285713 0.31449180803571425
0 0.4610172455357143 0.29529728125 0.46670845982142856 0.3024424732142857 0.4763079776785714 0.3030027366071429 0.48032742857142857 0.2985386785714286 0.4797716741071429 0.2879343035714285 0.46570810714285715 0.2833545892857143 0.46068379464285714 0.28893465625 0.4610172455357143 0.29529728125