0 0.7587890625 0.24609375 0.75 0.2548828125 0.75390625 0.3232421875 0.748046875 0.3583984375 0.748046875 0.5341796875 0.84765625 0.5419921875 0.8515625 0.2353515625 0.8466796875 0.2265625 0.8369140625 0.224609375 0.7587890625 0.24609375
0 0.921875 0.3916015625 0.921875 0.4521484375 0.9287109375 0.455078125 0.95703125 0.4541015625 0.9609375 0.4287109375 0.958984375 0.3857421875 0.9267578125 0.38671875 0.921875 0.3916015625
0 0.681640625 0.4130859375 0.681640625 0.4599609375 0.6845703125 0.462890625 0.705078125 0.4619140625 0.705078125 0.4130859375 0.7021484375 0.41015625 0.6845703125 0.41015625 0.681640625 0.4130859375
0 0.48828125 0.4853515625 0.4912109375 0.48828125 0.50390625 0.4873046875 0.505859375 0.4150390625 0.4931640625 0.412109375 0.48828125 0.4150390625 0.48828125 0.4853515625
0 0.513671875 0.4111328125 0.515625 0.4873046875 0.52734375 0.4873046875 0.529296875 0.4130859375 0.5263671875 0.408203125 0.5166015625 0.408203125 0.513671875 0.4111328125
0 0.529296875 0.4130859375 0.53125 0.4873046875 0.5361328125 0.490234375 0.55078125 0.4892578125 0.5546875 0.4111328125 0.5517578125 0.404296875 0.5341796875 0.404296875 0.529296875 0.4130859375
0 0.0654296875 0.46875 0.0537109375 0.466796875 0.0478515625 0.46875 0.041015625 0.4775390625 0.0390625 0.4970703125 0.044921875 0.5126953125 0.0517578125 0.51953125 0.0625 0.5185546875 0.072265625 0.5087890625 0.07421875 0.4873046875 0.0703125 0.4736328125 0.0654296875 0.46875
0 0.0595703125 0.53515625 0.056640625 0.5380859375 0.056640625 0.5830078125 0.0615234375 0.58984375 0.0703125 0.5888671875 0.076171875 0.5810546875 0.078125 0.5673828125 0.076171875 0.5361328125 0.0595703125 0.53515625
0 0.1435546875 0.53125 0.1357421875 0.529296875 0.1298828125 0.53125 0.119140625 0.5439453125 0.119140625 0.5673828125 0.1318359375 0.5859375 0.138671875 0.5849609375 0.1435546875 0.583984375 0.15234375 0.5712890625 0.154296875 0.5458984375 0.1435546875 0.53125
0 0.1201171875 0.486328125 0.115234375 0.4931640625 0.115234375 0.5166015625 0.1201171875 0.521484375 0.134765625 0.5224609375 0.146484375 0.5185546875 0.150390625 0.4931640625 0.1455078125 0.486328125 0.1201171875 0.486328125
0 0.208984375 0.5380859375 0.2041015625 0.533203125 0.1923828125 0.533203125 0.1875 0.5615234375 0.19140625 0.5810546875 0.19921875 0.5830078125 0.2060546875 0.58203125 0.2109375 0.5751953125 0.2109375 0.5478515625 0.208984375 0.5380859375
0 0.2021484375 0.466796875 0.19140625 0.4775390625 0.189453125 0.4990234375 0.193359375 0.5107421875 0.2001953125 0.517578125 0.208984375 0.5185546875 0.22265625 0.5048828125 0.224609375 0.4814453125 0.2138671875 0.466796875 0.2021484375 0.466796875