0 0.92578125 0.1533203125 0.9296875 0.2900390625 0.921875 0.4482421875 0.955078125 0.4521484375 1 0.4462890625 0.9990234375 0.103515625 0.9580078125 0.125 0.92578125 0.1533203125
0 0.7392578125 0.345703125 0.7314453125 0.3359375 0.7255859375 0.3359375 0.70703125 0.3505859375 0.70703125 0.4267578125 0.7216796875 0.43359375 0.7255859375 0.439453125 0.73046875 0.4384765625 0.75 0.4287109375 0.751953125 0.3505859375 0.7470703125 0.345703125 0.7392578125 0.345703125
0 0.7275390625 0.458984375 0.71484375 0.4697265625 0.7109375 0.4892578125 0.7197265625 0.50390625 0.736328125 0.5048828125 0.744140625 0.4931640625 0.744140625 0.4794921875 0.740234375 0.4658203125 0.7275390625 0.458984375
0 0.7099609375 0.26953125 0.708984375 0.3076171875 0.712890625 0.3369140625 0.7158203125 0.33984375 0.7236328125 0.333984375 0.7314453125 0.333984375 0.7451171875 0.341796875 0.75 0.3408203125 0.759765625 0.3193359375 0.759765625 0.2705078125 0.7490234375 0.265625 0.7099609375 0.26953125
0 0.2900390625 0.341796875 0.2666015625 0.349609375 0.26171875 0.3583984375 0.265625 0.4267578125 0.2705078125 0.431640625 0.287109375 0.4345703125 0.3046875 0.4248046875 0.30859375 0.4091796875 0.30859375 0.3544921875 0.2900390625 0.341796875
0 0.2880859375 0.28515625 0.2724609375 0.287109375 0.26953125 0.2900390625 0.271484375 0.3173828125 0.2802734375 0.322265625 0.294921875 0.3212890625 0.302734375 0.3154296875 0.3046875 0.3095703125 0.30078125 0.2900390625 0.2880859375 0.28515625
0 0.2822265625 0.4609375 0.2724609375 0.466796875 0.267578125 0.4755859375 0.2734375 0.5224609375 0.2763671875 0.525390625 0.2939453125 0.525390625 0.2998046875 0.53125 0.302734375 0.5302734375 0.306640625 0.5185546875 0.306640625 0.4697265625 0.2978515625 0.462890625 0.2822265625 0.4609375
0 0.1435546875 0.1796875 0.1181640625 0.181640625 0.115234375 0.1884765625 0.115234375 0.2197265625 0.119140625 0.2333984375 0.123046875 0.2353515625 0.125 0.2666015625 0.1357421875 0.28125 0.1484375 0.2822265625 0.158203125 0.2744140625 0.16015625 0.2646484375 0.162109375 0.1923828125 0.1435546875 0.1796875
0 0.072265625 0.2626953125 0.064453125 0.2509765625 0.0517578125 0.248046875 0.041015625 0.2705078125 0.041015625 0.3037109375 0.044921875 0.3154296875 0.0537109375 0.32421875 0.060546875 0.3232421875 0.06640625 0.3173828125 0.072265625 0.3017578125 0.07421875 0.2744140625 0.072265625 0.2626953125
0 0.03515625 0.1513671875 0.0283203125 0.146484375 0.0205078125 0.146484375 0.0078125 0.1611328125 0.005859375 0.1962890625 0.015625 0.2177734375 0.0205078125 0.22265625 0.029296875 0.2216796875 0.033203125 0.2197265625 0.04296875 0.2001953125 0.044921875 0.1845703125 0.03515625 0.1513671875
0 0.0263671875 0.3359375 0.021484375 0.3408203125 0.017578125 0.3564453125 0.015625 0.3916015625 0.01953125 0.4033203125 0.0263671875 0.41015625 0.041015625 0.4111328125 0.052734375 0.3818359375 0.052734375 0.3603515625 0.0439453125 0.33984375 0.0263671875 0.3359375