0 0.008113446428571428 0.25893371875 0.05674095089285714 0.26329253571428574 0.06586733482142856 0.2526670714285714 0.06930275 0.15428953571428572 0.05965585714285714 0.14848057589285715 0.012129433035714286 0.14393089732142858 0.008113446428571428 0.25893371875
0 0.23588176339285716 0.21044977232142856 0.24170460714285716 0.16906527232142857 0.23213405357142855 0.16107014732142858 0.14273021875 0.15138159375000002 0.13895474107142858 0.16547716964285714 0.1409326830357143 0.2968762455357143 0.14620724553571426 0.30253251785714286 0.16362024107142856 0.3053294285714286 0.23026017857142858 0.3087509642857143 0.23486154017857142 0.3023451473214286 0.23588176339285716 0.21044977232142856
0 0.25570995535714286 0.20676451785714287 0.25003283035714285 0.43201610714285715 0.31335534375 0.4364162098214286 0.36152737053571427 0.4359095848214286 0.36908529017857145 0.21947900892857142 0.35295623660714287 0.21125485267857141 0.26136623214285715 0.20148995535714284 0.25570995535714286 0.20676451785714287
0 0.22081454017857144 0.35985869642857143 0.18364969196428574 0.3585608705357143 0.1575683705357143 0.3532724241071428 0.1465611875 0.35507687946428573 0.13881589285714285 0.48285316071428575 0.14409045535714288 0.4885094375 0.2151790669642857 0.4898974866071429 0.22181391071428572 0.4879403482142857 0.22608910267857144 0.3655149732142857 0.22081454017857144 0.35985869642857143
0 0.46148729464285715 0.2686712589285714 0.4368425982142857 0.25358322767857144 0.3886705714285714 0.25408985714285715 0.38301429464285713 0.25936441964285717 0.3829101830357143 0.3250257857142857 0.3991155848214286 0.3310637723214286 0.44615635267857146 0.3316120580357143 0.45603228125 0.33086251339285716 0.4595023883928571 0.32551161160714287 0.46148729464285715 0.2686712589285714
0 0.39314005357142856 0.3768206026785714 0.38748377678571433 0.3820951651785714 0.38366664285714286 0.49140353571428574 0.3889412053571428 0.4970598125 0.44909898214285715 0.4980661517857143 0.45354766071428576 0.49603266964285714 0.45744113392857144 0.38453812946428567 0.44998040624999996 0.3788055133928571 0.39314005357142856 0.3768206026785714
0 0.48725628571428575 0.47094379910714285 0.4919201026785714 0.4940894151785714 0.5214715357142857 0.49402695535714286 0.5260728973214286 0.48762113839285715 0.5303480892857143 0.36519576339285714 0.5161761696428572 0.36360645089285715 0.49069170089285713 0.3725662678571428 0.48725628571428575 0.47094379910714285
0 0.5581922589285714 0.1319629330357143 0.5570679196428572 0.28951967410714285 0.5635500803571428 0.2919348660714286 0.6035118348214287 0.2758196964285714 0.6094665625 0.10529863839285714 0.6063018258928572 0.10190487053571429 0.590769625 0.10792897321428571 0.5581922589285714 0.1319629330357143
0 0.6922563571428572 0.24170855803571428 0.6969896026785715 0.10616617410714287 0.6954905178571428 0.08641432589285714 0.6901396160714286 0.08294421875 0.6476863214285714 0.10772771874999999 0.6419537053571428 0.11518844642857143 0.639406625 0.25080716964285715 0.6423423348214286 0.2607594375 0.65003209375 0.25993355357142855 0.6843375714285714 0.24909294196428572 0.6922563571428572 0.24170855803571428
0 0.6835047678571428 0.08490135714285715 0.6420300446428572 0.11300227678571428 0.6392539419642856 0.2551795044642857 0.6423423348214286 0.2607594375 0.6522182589285714 0.26000989732142854 0.6921800178571429 0.2438947232142857 0.6976766874999999 0.08649066964285713 0.6945119508928571 0.08309690178571429 0.6835047678571428 0.08490135714285715
0 0.5552356964285714 0.34198769196428574 0.5522305669642857 0.4907234196428571 0.5959539151785714 0.49225027232142854 0.6008606473214285 0.4770997857142857 0.6050594910714285 0.35686057589285713 0.60386578125 0.3283640580357143 0.591956375 0.32466491964285715 0.5552356964285714 0.34198769196428574
0 0.6864196294642857 0.3148306517857143 0.6378658883928571 0.3262681160714286 0.6340904107142856 0.34036369196428573 0.6370608080357142 0.4433425892857143 0.6334241294642856 0.48480342857142855 0.6386986919642857 0.4904597008928571 0.6835532946428572 0.49093164285714286 0.6902644866071429 0.4867883348214286 0.6960665267857143 0.3206396116071429 0.6864196294642857 0.3148306517857143
0 0.7770102857142858 0.009368638392857143 0.7724922053571428 0.012494116071428571 0.7622622901785715 0.3054405535714286 0.7709306160714285 0.3079320892857143 0.9786442946428571 0.2517094419642857 0.98589965625 0.01666321875 0.7770102857142858 0.009368638392857143