0 0 0.4437804776785715 0.03318028571428571 0.4361233035714286 0.009175383928571429 0.3314725044642857 0.005492428571428572 0.3292595625 0 0.33004555357142856 0 0.4437804776785715
0 0 0.5613922857142858 0.0036190758928571426 0.5759076071428572 0.06208523214285715 0.5604270848214286 0.04004034375 0.4636374776785714 0.03390208928571429 0.4599492410714286 0.0093385 0.4618986919642857 0 0.4642270401785714 0 0.5613922857142858
0 0.030847263392857142 0.6851138928571429 0.08166425446428571 0.6724437901785715 0.08412483928571428 0.6655678883928572 0.06550469196428571 0.5908865624999999 0.04364405357142857 0.5911183571428572 0.00953209375 0.5996234241071429 0.030847263392857142 0.6851138928571429
0 0.27588138839285714 0.3964858169642857 0.29528672767857145 0.39477873214285714 0.3353303348214286 0.38375100446428567 0.3167207589285714 0.2923672857142857 0.3130378035714286 0.29015434375 0.2526088482142857 0.2989585625 0.25039590625 0.3026415178571429 0.27588138839285714 0.3964858169642857
0 0.31345384821428574 0.40903638392857145 0.28200908035714284 0.4168764464285714 0.27979613839285716 0.42055940178571427 0.30331632142857146 0.5148937098214286 0.30699927678571426 0.5171066473214286 0.3291075580357143 0.51368190625 0.36522057142857145 0.5036341830357143 0.3681711607142857 0.49872358035714287 0.34366568303571426 0.40880987053571427 0.31345384821428574 0.40903638392857145
0 0.33027710267857147 0.6062827098214285 0.3339600491071429 0.6084956473214286 0.3838301517857143 0.5950179017857142 0.3696253258928572 0.5296730625 0.36594237053571427 0.527460125 0.31631991517857144 0.5377449196428572 0.3141069732142857 0.541427875 0.33027710267857147 0.6062827098214285
0 0.43703054910714284 0.3646567008928571 0.39636023214285715 0.2015369642857143 0.3902219776785714 0.19784872767857142 0.3681031294642857 0.21797586607142858 0.3612166607142857 0.23221767410714286 0.35188017410714284 0.23663298660714285 0.3506472410714286 0.24424653571428573 0.3810380446428571 0.3493926205357143 0.3859327991071429 0.37739679910714286 0.3940310669642857 0.3889462276785714 0.41442169642857146 0.3828185401785714 0.43703054910714284 0.3646567008928571
0 0.4175935178571429 0.41647096875 0.40678173660714284 0.42334158482142853 0.4050587991071429 0.42898983482142855 0.4373990535714286 0.5586995089285715 0.44157200892857146 0.56287775 0.47571971875 0.55332003125 0.4786703125 0.5484094285714286 0.4762202901785714 0.5385829375 0.4610090401785714 0.5110634821428571 0.46691021875 0.5012422767857143 0.4458400535714286 0.41673445982142854 0.4394594375 0.40788797767857143 0.43233589285714286 0.4086203392857143 0.4365088482142857 0.4127985758928571 0.42889001785714287 0.41991684375 0.41955353125 0.42433215625000004 0.42127646874999997 0.41868390625 0.4175935178571429 0.41647096875
0 0.43367448214285714 0.2339828705357143 0.4469257142857143 0.2536411339285714 0.460429875 0.26175525 0.4675534196428571 0.26102288839285714 0.48033578125 0.24531107142857142 0.4847775133928572 0.21289157142857143 0.46959267857142856 0.14361613839285714 0.4568314464285714 0.12592316964285716 0.44013433482142855 0.11756141071428572 0.4367043080357143 0.10380432589285714 0.42319486607142853 0.10404140625000001 0.41803133482142857 0.11263495982142857 0.4253813928571429 0.14211442857142859 0.42095022767857143 0.15783153125000002 0.42142438392857146 0.18485041517857143 0.43367448214285714 0.2339828705357143
0 0.50547853125 0.49266985267857144 0.5121120758928571 0.4899721875 0.5374185892857143 0.47844389285714284 0.5575615714285714 0.47550914732142857 0.5637051116071429 0.47084619196428573 0.5637103928571429 0.46249499107142855 0.5553803303571428 0.42908492410714283 0.5362384776785715 0.4025454776785714 0.5012005669642857 0.26620226339285713 0.49137407589285714 0.26865228571428573 0.45844344642857143 0.29565003571428566 0.4488540357142857 0.3116095 0.4973749776785715 0.4894716160714286 0.50547853125 0.49266985267857144
0 0.5647385848214286 0.0019515580357142859 0.5485209151785714 0.012257486607142858 0.49517853125 0.07878771875 0.5495742366071429 0.2885846026785714 0.5652966205357143 0.28466457142857143 0.6259890669642857 0.2476138125 0.6326278928571429 0.23656495982142858 0.5782268973214286 0.03511926339285714 0.5647385848214286 0.0019515580357142859
0 0.6258323660714286 0 0.6317799508928571 0.02385445982142857 0.6425758839285713 0.04203742857142857 0.6565700491071428 0.052116843749999996 0.6877671741071428 0.04746973214285714 0.6998066026785714 0.04133675892857143 0.7061925044642857 0.04183204910714285 0.7071777946428571 0.03741144642857143 0.7135636919642857 0.03790673214285715 0.7211878080357143 0.022437276785714284 0.72703665625 0 0.6258323660714286 0
0 0.9144356428571428 0.09542782142857142 0.8795547812500001 0.1175937544642857 0.8837118883928571 0.14682557589285714 0.9601736160714286 0.4200072901785714 0.9746630669642856 0.42370081249999997 0.9948878125 0.4181038526785715 0.9144356428571428 0.09542782142857142