0 0.9033203125 0.28125 0.8466796875 0.287109375 0.83984375 0.2919921875 0.83984375 0.3701171875 0.8427734375 0.375 0.861328125 0.3740234375 0.9013671875 0.373046875 0.904296875 0.3701171875 0.90625 0.2841796875 0.9033203125 0.28125
0 0.90625 0.3896484375 0.9033203125 0.384765625 0.8583984375 0.384765625 0.83984375 0.3896484375 0.83984375 0.4697265625 0.8427734375 0.474609375 0.869140625 0.4736328125 0.8818359375 0.470703125 0.9013671875 0.47265625 0.90625 0.4677734375 0.90625 0.3896484375
0 0.0556640625 0.318359375 0.048828125 0.3251953125 0.048828125 0.3662109375 0.0537109375 0.373046875 0.06640625 0.3720703125 0.0703125 0.3662109375 0.0703125 0.3212890625 0.0673828125 0.318359375 0.0556640625 0.318359375
0 0.115234375 0.4951171875 0.115234375 0.5322265625 0.1181640625 0.53515625 0.130859375 0.5341796875 0.15234375 0.5322265625 0.1513671875 0.494140625 0.1220703125 0.4921875 0.115234375 0.4951171875
0 0.0771484375 0.48046875 0.07421875 0.4833984375 0.07421875 0.5322265625 0.091796875 0.5361328125 0.095703125 0.5341796875 0.095703125 0.4833984375 0.0927734375 0.48046875 0.0771484375 0.48046875
0 0.154296875 0.4443359375 0.15625 0.4833984375 0.1591796875 0.486328125 0.185546875 0.4853515625 0.185546875 0.4404296875 0.1826171875 0.4375 0.1572265625 0.439453125 0.154296875 0.4443359375
0 0.05078125 0.3818359375 0.05078125 0.4111328125 0.060546875 0.4130859375 0.06640625 0.4091796875 0.06640625 0.3818359375 0.0537109375 0.37890625 0.05078125 0.3818359375
0 0.0927734375 0.302734375 0.07421875 0.3095703125 0.072265625 0.3251953125 0.07421875 0.3662109375 0.0771484375 0.369140625 0.087890625 0.3681640625 0.091796875 0.3662109375 0.095703125 0.3447265625 0.095703125 0.3056640625 0.0927734375 0.302734375
0 0.0751953125 0.376953125 0.07421875 0.4150390625 0.0771484375 0.41796875 0.091796875 0.4169921875 0.099609375 0.4072265625 0.099609375 0.3818359375 0.0869140625 0.375 0.0751953125 0.376953125
0 0.1005859375 0.3046875 0.09765625 0.3095703125 0.09765625 0.3291015625 0.1025390625 0.341796875 0.111328125 0.3408203125 0.119140625 0.3349609375 0.119140625 0.3076171875 0.1083984375 0.302734375 0.1005859375 0.3046875
0 0.126953125 0.3525390625 0.13671875 0.3544921875 0.154296875 0.3505859375 0.1533203125 0.291015625 0.126953125 0.2958984375 0.126953125 0.3525390625
0 0.166015625 0.3642578125 0.1708984375 0.369140625 0.1796875 0.3681640625 0.19140625 0.3623046875 0.1884765625 0.3046875 0.166015625 0.3115234375 0.166015625 0.3642578125
0 0.13671875 0.4208984375 0.1396484375 0.4296875 0.158203125 0.4287109375 0.158203125 0.3623046875 0.1416015625 0.361328125 0.13671875 0.3662109375 0.13671875 0.4208984375
0 0.3232421875 0.41015625 0.3203125 0.4189453125 0.322265625 0.4384765625 0.3251953125 0.44140625 0.34375 0.4404296875 0.34765625 0.4365234375 0.34765625 0.4130859375 0.3447265625 0.41015625 0.3232421875 0.41015625
0 0.3251953125 0.376953125 0.3203125 0.3876953125 0.322265625 0.4033203125 0.3291015625 0.40625 0.341796875 0.4052734375 0.34765625 0.4013671875 0.34765625 0.3779296875 0.3447265625 0.375 0.3251953125 0.376953125
0 0.900390625 0.5634765625 0.90234375 0.5146484375 0.8603515625 0.51171875 0.857421875 0.5615234375 0.900390625 0.5634765625