0 0.12941334375 0.2066417455357143 0.05319157589285715 0.18799580803571428 0.049959995535714286 0.1907074330357143 0.042259330357142855 0.25590938839285715 0.041293941964285714 0.2897608839285714 0.05554533482142857 0.29799453125 0.11751570535714286 0.30840681696428573 0.12397887946428572 0.3029835758928571 0.13212496875 0.20987333035714287 0.12941334375 0.2066417455357143
0 0.1940710892857143 0.2661968482142857 0.15462303125000001 0.2607493526785714 0.14695963839285714 0.33693385267857145 0.20027517410714285 0.3435945892857143 0.20849580357142858 0.27244942410714285 0.1940710892857143 0.2661968482142857
0 0.21074897767857143 0.24669553125000002 0.21398056696428572 0.24398390625 0.24352327678571428 0.24856479464285713 0.24675486607142857 0.24585316964285714 0.25039460714285716 0.2042507232142857 0.23993203124999998 0.19834478125000002 0.161555875 0.1815065982142857 0.15815096875 0.18619928571428573 0.15389247767857145 0.25769109375 0.17227933035714285 0.26429031696428573 0.20703469642857142 0.2663329017857143 0.21074897767857143 0.24669553125000002
0 0.359375 0.29910714285714285 0.05803571428571429 0.08035714285714286
0 0.6884977812499999 0.43322 0.7587390669642857 0.4403634330357143 0.77347315625 0.43167133482142855 0.7879575892857142 0.24329645982142858 0.7751673035714285 0.2411793348214286 0.6636086919642857 0.26136270982142856 0.65822271875 0.26588208482142855 0.6553507946428571 0.3215253348214286 0.6460399508928572 0.3366806026785714 0.6373236026785715 0.3678577455357143 0.6304895446428571 0.42315435267857143 0.6587817455357143 0.4306201830357143 0.6829012142857144 0.4287379017857143 0.6884977812499999 0.43322
0 0.2978545 0.28925034821428575 0.2901780803571428 0.30854107142857146 0.24874895535714286 0.30292026339285716 0.24336297767857143 0.3074396294642857 0.24024319642857142 0.34309887499999997 0.24476257142857144 0.34848484821428577 0.3130227857142857 0.35545496428571427 0.3191393169642857 0.35399385714285714 0.32162732589285714 0.29133020089285716 0.2978545 0.28925034821428575
0 0.30211298660714286 0.2177585401785714 0.29888140178571426 0.22047016517857143 0.29368177232142856 0.27990223214285714 0.2980278214285715 0.2872692767857143 0.30883704017857144 0.2892130803571429 0.32503223214285715 0.2866375089285714 0.33023186607142857 0.22720543750000002 0.3159804732142857 0.21897179017857143 0.30211298660714286 0.2177585401785714
0 0.40311024107142857 0.215615375 0.4074562901785714 0.22298241964285714 0.41826550892857145 0.22492621875000002 0.42455535714285714 0.22148404464285715 0.4254219642857143 0.21157870535714288 0.4072084330357143 0.2029984107142857 0.40182245535714284 0.20751778125 0.40311024107142857 0.215615375
0 0.3999904598214286 0.25127462053571425 0.4063175803571428 0.25881498660714286 0.4173001205357143 0.25877771875 0.42160890178571425 0.2551622232142857 0.4206677544642857 0.24310248214285715 0.4042619732142857 0.23667658482142856 0.4010303883928571 0.23938820535714284 0.3999904598214286 0.25127462053571425
0 0.41452698214285716 0.29047481696428573 0.41866244196428576 0.28884039285714286 0.4178946160714286 0.2747995892857143 0.39950776785714287 0.26820036607142855 0.39721732589285713 0.2829717232142857 0.4017366919642857 0.2883576964285714 0.41452698214285716 0.29047481696428573
0 0.3985423794642857 0.30205186160714287 0.39298308035714286 0.3085522991071428 0.3940975446428571 0.31863096875 0.40042466517857145 0.32617133035714285 0.40744506696428573 0.3257874196428571 0.41588930357142856 0.3205375 0.4167559107142857 0.3106321517857143 0.40844771875 0.3029184642857143 0.3985423794642857 0.30205186160714287
0 0.43195966964285715 0.22812054017857145 0.4384601116071428 0.23367983482142857 0.4454805133928571 0.23329592410714287 0.45194367857142853 0.2278726785714286 0.45082921875 0.21779401785714286 0.44234770982142857 0.21206139732142856 0.4324423660714286 0.21119479017857143 0.43195966964285715 0.22812054017857145
0 0.4575029776785714 0.22137224107142855 0.45409807142857145 0.2260649330357143 0.45538585267857146 0.23416253125 0.46369404464285713 0.2418762142857143 0.46873337499999995 0.24131898660714285 0.4730421517857143 0.23770349107142857 0.47408208035714283 0.22581707142857144 0.4713704642857143 0.22258548660714286 0.4575029776785714 0.22137224107142855
0 0.47700429017857143 0.23805013392857144 0.4851391607142857 0.2477448839285714 0.4921595625 0.24736097767857143 0.4968149821428572 0.23978334375000002 0.4955271964285714 0.23168574107142859 0.48902675892857145 0.22612644642857144 0.47894809375 0.22724091517857142 0.47700429017857143 0.23805013392857144
0 0.46613355803571427 0.27103501785714285 0.47044233928571433 0.26741952232142857 0.47130894196428574 0.2575141785714286 0.46859732589285713 0.25428259375 0.45472983928571425 0.25306934375 0.4526127142857143 0.2658596339285714 0.46613355803571427 0.27103501785714285
0 0.4655148125 0.300924375 0.468709125 0.28723021428571427 0.46599750892857145 0.283998625 0.45087950446428576 0.28567032142857146 0.4500129017857143 0.29557566964285714 0.45453227232142857 0.30096164285714283 0.4655148125 0.300924375
0 0.4895597455357143 0.2770770089285714 0.49421516964285717 0.269499375 0.4929273794642857 0.26140178124999996 0.4781560267857143 0.25911133482142856 0.4762122232142857 0.2699205535714286 0.48253934375 0.27746091964285713 0.4895597455357143 0.2770770089285714
0 0.5155857455357143 0.2534029642857143 0.5189533839285715 0.23772773214285717 0.5162417633928571 0.23449615178571429 0.5023742767857142 0.2332829017857143 0.50025715625 0.24607318749999998 0.5065842767857143 0.25361355357142856 0.5155857455357143 0.2534029642857143
0 0.4755562098214286 0.28882737053571433 0.47524683928571426 0.30377205357142856 0.4779584553571428 0.30700363392857144 0.4869599285714286 0.30679304464285717 0.49032756250000004 0.29111781696428574 0.4755562098214286 0.28882737053571433
0 0.49783066517857144 0.27380815625 0.5021767098214286 0.28117520089285714 0.5110048616071429 0.28294567857142855 0.5153136428571429 0.2793301830357143 0.51618025 0.26942483928571426 0.5037365982142857 0.26334558035714284 0.498350625 0.26786494642857145 0.49783066517857144 0.27380815625