0 0.0810546875 0.298828125 0.0166015625 0.294921875 0.01171875 0.2998046875 0.0146484375 0.3125 0.0322265625 0.314453125 0.1064453125 0.314453125 0.1181640625 0.306640625 0.1279296875 0.306640625 0.1337890625 0.314453125 0.181640625 0.3134765625 0.18359375 0.3017578125 0.1806640625 0.298828125 0.1591796875 0.296875 0.0810546875 0.298828125
0 0.01953125 0.2568359375 0.0244140625 0.267578125 0.0380859375 0.271484375 0.1513671875 0.27734375 0.19140625 0.2763671875 0.193359375 0.2705078125 0.1865234375 0.26171875 0.0302734375 0.251953125 0.01953125 0.2568359375
0 0.138671875 0.4169921875 0.1416015625 0.427734375 0.1640625 0.4267578125 0.177734375 0.4228515625 0.1748046875 0.41015625 0.1416015625 0.412109375 0.138671875 0.4169921875
0 0.140625 0.3759765625 0.140625 0.3876953125 0.14453125 0.3896484375 0.15625 0.3857421875 0.1552734375 0.375 0.1455078125 0.373046875 0.140625 0.3759765625
0 0.162109375 0.3466796875 0.1630859375 0.3515625 0.19140625 0.3505859375 0.193359375 0.3408203125 0.1865234375 0.333984375 0.1708984375 0.3359375 0.162109375 0.3466796875
0 0.1259765625 0.4140625 0.0986328125 0.4140625 0.0068359375 0.423828125 0.001953125 0.4287109375 0.001953125 0.4365234375 0.0068359375 0.44140625 0.021484375 0.4404296875 0.1181640625 0.431640625 0.12890625 0.4267578125 0.12890625 0.4169921875 0.1259765625 0.4140625
0 0.0888671875 0.375 0 0.3818359375 0.0009765625 0.3984375 0.044921875 0.3974609375 0.1201171875 0.392578125 0.12109375 0.3798828125 0.1181640625 0.375 0.0888671875 0.375
0 0.0283203125 0.337890625 0.025390625 0.3408203125 0.0283203125 0.353515625 0.115234375 0.3525390625 0.119140625 0.3505859375 0.119140625 0.3447265625 0.1123046875 0.337890625 0.0283203125 0.337890625
0 0.3779296875 0.40625 0.3662109375 0.40625 0.3193359375 0.4140625 0.2900390625 0.4140625 0.275390625 0.4189453125 0.2734375 0.4248046875 0.2763671875 0.431640625 0.291015625 0.4306640625 0.3720703125 0.421875 0.37890625 0.4189453125 0.380859375 0.4111328125 0.3779296875 0.40625
0 0.3310546875 0.37890625 0.2880859375 0.3828125 0.28515625 0.3857421875 0.2861328125 0.396484375 0.326171875 0.3955078125 0.3798828125 0.392578125 0.388671875 0.3876953125 0.388671875 0.3798828125 0.3310546875 0.37890625
0 0.2978515625 0.349609375 0.2890625 0.3564453125 0.2939453125 0.365234375 0.330078125 0.3642578125 0.3916015625 0.361328125 0.392578125 0.3486328125 0.3154296875 0.34765625 0.2978515625 0.349609375
0 0.2724609375 0.31640625 0.267578125 0.3212890625 0.26953125 0.3291015625 0.2744140625 0.33203125 0.37109375 0.3310546875 0.375 0.3291015625 0.375 0.3212890625 0.3662109375 0.31640625 0.2724609375 0.31640625
0 0.29296875 0.2861328125 0.29296875 0.2958984375 0.2998046875 0.30078125 0.39453125 0.3017578125 0.396484375 0.2919921875 0.3935546875 0.2890625 0.3505859375 0.28515625 0.29296875 0.2861328125
0 0.5166015625 0.380859375 0.4677734375 0.384765625 0.455078125 0.3916015625 0.4599609375 0.3984375 0.486328125 0.3974609375 0.5224609375 0.39453125 0.52734375 0.3916015625 0.52734375 0.3837890625 0.5166015625 0.380859375
0 0.44921875 0.3388671875 0.4541015625 0.34765625 0.498046875 0.3466796875 0.5185546875 0.345703125 0.521484375 0.3349609375 0.4521484375 0.333984375 0.44921875 0.3388671875
0 0.4453125 0.2841796875 0.447265625 0.2919921875 0.4521484375 0.294921875 0.515625 0.2958984375 0.51953125 0.2880859375 0.5126953125 0.283203125 0.4482421875 0.28125 0.4453125 0.2841796875