0 0.8943980848214286 0.2632139776785714 0.8913190848214285 0.26044163392857145 0.8350627410714286 0.26925732142857145 0.8284917187499999 0.27449120535714283 0.8325804642857142 0.35250913839285714 0.8357616830357143 0.35723193303571427 0.8542398348214286 0.3552856294642857 0.8941729151785714 0.35221492410714283 0.8969452589285715 0.34913592410714284 0.8943980848214286 0.2632139776785714
0 0.8993860669642857 0.45168779017857147 0.9040066383928572 0.4465561205357143 0.8999178928571429 0.3685381875 0.8967366741071429 0.36381539732142854 0.8518763616071429 0.3661664241071429 0.8336026517857142 0.372013625 0.8377936160714287 0.45198200446428577 0.8409748348214287 0.4567047946428571 0.8672547767857143 0.4543496205357143 0.8797793660714286 0.4507595267857143 0.8993860669642857 0.45168779017857147
0 0.04676667410714286 0.3418630535714286 0.040297870535714285 0.34904738839285715 0.042444459821428575 0.3900068035714286 0.047678348214285717 0.3965778258928571 0.06030515178571429 0.39493817857142854 0.06389939285714286 0.38888239732142854 0.06154836607142857 0.34402208482142854 0.058469361607142854 0.3412497410714286 0.04676667410714286 0.3418630535714286
0 0.11744829017857142 0.5523194732142857 0.12052729017857143 0.5550918169642857 0.13315409821428573 0.5534521741071429 0.1545068080357143 0.5503773214285714 0.15153832142857143 0.5123946875 0.12217937946428571 0.5119775178571428 0.11550613839285714 0.5152609553571429 0.11744829017857142 0.5523194732142857
0 0.07393341071428572 0.5057048571428572 0.076488875 0.5544660669642857 0.09424734821428571 0.5574469955357143 0.09804602678571428 0.5552921071428571 0.09538833928571429 0.5045804508928572 0.09230933928571429 0.5018081071428572 0.07670575446428572 0.5026258571428571 0.07393341071428572 0.5057048571428572
0 0.15585223660714287 0.5014116741071428 0.15893124107142856 0.5041840178571428 0.1852111830357143 0.50182884375 0.18286015178571427 0.45696853125 0.17978115178571427 0.4541961875 0.15452754464285715 0.45747547767857144 0.15185741517857143 0.4625049285714286 0.15585223660714287 0.5014116741071428
0 0.05660040178571429 0.43620424999999996 0.06224730803571428 0.4319966964285714 0.06081624553571429 0.4046904196428572 0.04798500446428571 0.40242916964285713 0.045212660714285716 0.4055081696428572 0.0467459375 0.43476489285714287 0.05660040178571429 0.43620424999999996
0 0.08608644196428572 0.32708965625 0.08300744196428571 0.32431731249999995 0.06483594642857142 0.3321149598214285 0.06370325 0.3478207633928571 0.06780029017857143 0.38867795982142855 0.07087929017857143 0.39145030357142857 0.08155564732142857 0.3899128794642857 0.08535432589285714 0.38775799107142855 0.08813081696428571 0.36609862499999996 0.08608644196428572 0.32708965625
0 0.07035575446428571 0.43743916517857145 0.07343475892857143 0.44021151339285713 0.08801200892857143 0.43846964732142857 0.09530270982142856 0.42830853125 0.09397386607142857 0.40295270535714284 0.08093818750000001 0.39679055357142856 0.06933771875 0.3993543169642857 0.07035575446428571 0.43743916517857145
0 0.09091145535714286 0.32585888392857143 0.08824133035714286 0.3308883348214286 0.08926351339285714 0.3503928169642857 0.09480405803571428 0.3628151830357143 0.10352996428571429 0.36137997767857144 0.11102510267857144 0.3551197589285714 0.10959404017857143 0.32781348214285716 0.09861102678571429 0.3234995625 0.09091145535714286 0.32585888392857143
0 0.14285802678571427 0.30944584375 0.11678252232142858 0.31570191517857144 0.11974686160714286 0.3722649196428572 0.12960132589285714 0.37370427232142855 0.14695091964285714 0.36888340625000005 0.14285802678571427 0.30944584375
0 0.17322671875 0.3851085982142857 0.18462275 0.3786439419642857 0.1786816294642857 0.3212590446428571 0.15660923660714285 0.3292611294642857 0.15936914285714285 0.3819232321428571 0.16450080803571426 0.3865438080357143 0.17322671875 0.3851085982142857
0 0.1549405625 0.4466969017857143 0.15146512946428572 0.38038166071428575 0.13483520982142858 0.3802752946428572 0.13021463392857144 0.38540696428571425 0.13307675892857143 0.4400195133928571 0.13646241517857144 0.44864320535714286 0.1549405625 0.4466969017857143
0 0.3187823705357143 0.4195301651785714 0.3163166830357143 0.4284605133928571 0.31928931696428575 0.4478627767857143 0.32236831696428575 0.4506351205357143 0.3408464642857143 0.44868882142857147 0.3445429241071429 0.44458348660714286 0.34331629910714284 0.42117810714285714 0.34023729910714284 0.4184057633928572 0.3187823705357143 0.4195301651785714
0 0.31899509821428573 0.38627032589285715 0.3146811830357143 0.39725333928571427 0.3174493794642857 0.41275470535714287 0.32442927678571426 0.4153226160714286 0.33705608035714285 0.41368296875 0.34270299107142854 0.40947541517857144 0.34147636607142856 0.3860700357142857 0.3383973660714286 0.3832976919642857 0.31899509821428573 0.38627032589285715
0 0.9031640089285714 0.5424347455357142 0.9025589910714286 0.4935713169642857 0.8604710267857143 0.4928433482142857 0.8601519285714286 0.5427331071428572 0.9031640089285714 0.5424347455357142