0 0.21875 0.1630859375 0.2001953125 0.1484375 0.1591796875 0.1484375 0.1474609375 0.15625 0.126953125 0.1806640625 0.125 0.2001953125 0.134765625 0.2197265625 0.1474609375 0.234375 0.1669921875 0.2421875 0.1875 0.2412109375 0.2060546875 0.234375 0.23046875 0.2099609375 0.232421875 0.1845703125 0.21875 0.1630859375
0 0.38671875 0.1943359375 0.37890625 0.1787109375 0.3681640625 0.16796875 0.3505859375 0.16015625 0.3232421875 0.162109375 0.3134765625 0.166015625 0.294921875 0.1845703125 0.2890625 0.2021484375 0.291015625 0.2255859375 0.30078125 0.2412109375 0.3134765625 0.251953125 0.3271484375 0.2578125 0.3515625 0.2568359375 0.3681640625 0.25 0.384765625 0.2314453125 0.388671875 0.2197265625 0.38671875 0.1943359375
0 0.59765625 0.2138671875 0.587890625 0.1962890625 0.5771484375 0.185546875 0.5576171875 0.17578125 0.5107421875 0.173828125 0.4755859375 0.177734375 0.4482421875 0.19140625 0.435546875 0.2060546875 0.427734375 0.2275390625 0.4296875 0.2685546875 0.435546875 0.2802734375 0.4501953125 0.296875 0.4677734375 0.306640625 0.4833984375 0.310546875 0.544921875 0.3095703125 0.5771484375 0.30078125 0.59765625 0.2763671875 0.6015625 0.2353515625 0.59765625 0.2138671875
0 0.708984375 0.2060546875 0.701171875 0.1865234375 0.6904296875 0.17578125 0.6767578125 0.169921875 0.6552734375 0.169921875 0.6376953125 0.177734375 0.625 0.1923828125 0.62109375 0.2021484375 0.62109375 0.2236328125 0.62890625 0.2392578125 0.6435546875 0.251953125 0.6611328125 0.2578125 0.669921875 0.2568359375 0.6826171875 0.25390625 0.697265625 0.2451171875 0.705078125 0.2333984375 0.708984375 0.2060546875
0 0.8984375 0.1806640625 0.892578125 0.1611328125 0.8798828125 0.146484375 0.8720703125 0.142578125 0.8427734375 0.13671875 0.7998046875 0.138671875 0.7802734375 0.146484375 0.763671875 0.1650390625 0.759765625 0.1787109375 0.759765625 0.2021484375 0.767578125 0.2236328125 0.7802734375 0.236328125 0.7978515625 0.244140625 0.84375 0.2470703125 0.8720703125 0.244140625 0.892578125 0.2236328125 0.8984375 0.2060546875 0.8984375 0.1806640625
0 1 0.1650390625 0.9833984375 0.158203125 0.9521484375 0.16015625 0.9443359375 0.1640625 0.92578125 0.1865234375 0.923828125 0.2177734375 0.927734375 0.2294921875 0.9462890625 0.248046875 0.9599609375 0.25390625 0.98046875 0.2529296875 1 0.2470703125 1 0.1650390625
0 0.46875 0.3505859375 0.46484375 0.3427734375 0.4482421875 0.326171875 0.4306640625 0.318359375 0.3759765625 0.31640625 0.3525390625 0.32421875 0.34375 0.3349609375 0.33984375 0.3466796875 0.341796875 0.3955078125 0.3505859375 0.40625 0.3720703125 0.41796875 0.3935546875 0.421875 0.416015625 0.4208984375 0.4462890625 0.41796875 0.462890625 0.4072265625 0.470703125 0.3720703125 0.46875 0.3505859375
0 0.671875 0.4091796875 0.671875 0.3720703125 0.6640625 0.3544921875 0.6416015625 0.337890625 0.5810546875 0.3359375 0.5400390625 0.341796875 0.52734375 0.3544921875 0.517578125 0.3798828125 0.517578125 0.4052734375 0.52734375 0.4287109375 0.5439453125 0.443359375 0.611328125 0.4443359375 0.6455078125 0.44140625 0.6572265625 0.435546875 0.66796875 0.4208984375 0.671875 0.4091796875
0 0.47265625 0.4853515625 0.46875 0.4755859375 0.4443359375 0.453125 0.4072265625 0.451171875 0.3896484375 0.4609375 0.37890625 0.4736328125 0.37109375 0.4970703125 0.37109375 0.5068359375 0.37890625 0.5283203125 0.3974609375 0.546875 0.4130859375 0.552734375 0.435546875 0.5517578125 0.4580078125 0.541015625 0.46875 0.5283203125 0.474609375 0.5126953125 0.47265625 0.4853515625
0 0.630859375 0.4814453125 0.625 0.4716796875 0.6064453125 0.45703125 0.5830078125 0.455078125 0.5712890625 0.458984375 0.55078125 0.4794921875 0.55078125 0.5146484375 0.5634765625 0.53125 0.5771484375 0.5390625 0.60546875 0.5380859375 0.6181640625 0.533203125 0.62890625 0.5205078125 0.6328125 0.5048828125 0.630859375 0.4814453125
0 0.537109375 0.5849609375 0.5458984375 0.580078125 0.572265625 0.5791015625 0.5703125 0.5673828125 0.5537109375 0.552734375 0.5419921875 0.548828125 0.4755859375 0.548828125 0.4599609375 0.556640625 0.4453125 0.5693359375 0.4375 0.5849609375 0.4375 0.6220703125 0.44140625 0.6298828125 0.4541015625 0.64453125 0.4697265625 0.654296875 0.4853515625 0.658203125 0.5 0.6572265625 0.501953125 0.6298828125 0.5068359375 0.623046875 0.529296875 0.6142578125 0.537109375 0.5849609375
0 0.0546875 0.1884765625 0.0302734375 0.16796875 0.0009765625 0.16796875 0 0.2412109375 0.0068359375 0.244140625 0.025390625 0.2431640625 0.0400390625 0.23828125 0.056640625 0.2177734375 0.056640625 0.1943359375 0.0546875 0.1884765625