0 0.2119140625 0.216796875 0.20703125 0.2216796875 0.20703125 0.2431640625 0.2138671875 0.25 0.23046875 0.2509765625 0.234375 0.2431640625 0.23046875 0.2216796875 0.2255859375 0.216796875 0.2119140625 0.216796875
0 0.2724609375 0.2265625 0.26953125 0.2294921875 0.26953125 0.2529296875 0.2763671875 0.2578125 0.287109375 0.2568359375 0.29296875 0.2509765625 0.29296875 0.2333984375 0.2861328125 0.2265625 0.2724609375 0.2265625
0 0.0419921875 0.255859375 0.03125 0.2646484375 0.03125 0.2783203125 0.041015625 0.3056640625 0.0458984375 0.310546875 0.052734375 0.3095703125 0.05859375 0.3037109375 0.0625 0.2744140625 0.0537109375 0.2578125 0.0419921875 0.255859375
0 0.0537109375 0.32421875 0.0322265625 0.326171875 0.029296875 0.3291015625 0.03125 0.3603515625 0.0361328125 0.365234375 0.05859375 0.3642578125 0.0625 0.3564453125 0.0625 0.3388671875 0.05859375 0.3271484375 0.0537109375 0.32421875
0 0.1220703125 0.328125 0.111328125 0.3408203125 0.11328125 0.3623046875 0.1162109375 0.365234375 0.13671875 0.3642578125 0.140625 0.3564453125 0.140625 0.3408203125 0.1318359375 0.330078125 0.1220703125 0.328125
0 0.1142578125 0.267578125 0.109375 0.2822265625 0.111328125 0.2958984375 0.1142578125 0.298828125 0.13671875 0.2978515625 0.138671875 0.2861328125 0.134765625 0.2724609375 0.1240234375 0.265625 0.1142578125 0.267578125
0 0.2216796875 0.3359375 0.2109375 0.3486328125 0.2109375 0.3583984375 0.2216796875 0.373046875 0.232421875 0.3720703125 0.23828125 0.3603515625 0.23828125 0.3427734375 0.2314453125 0.3359375 0.2216796875 0.3359375
0 0.2705078125 0.33984375 0.265625 0.3447265625 0.263671875 0.3544921875 0.267578125 0.3701171875 0.2744140625 0.375 0.279296875 0.3740234375 0.291015625 0.3583984375 0.291015625 0.3447265625 0.2841796875 0.337890625 0.2705078125 0.33984375
0 0.2216796875 0.2734375 0.2119140625 0.271484375 0.203125 0.2822265625 0.203125 0.3017578125 0.2099609375 0.310546875 0.22265625 0.3095703125 0.2275390625 0.30859375 0.232421875 0.2998046875 0.232421875 0.2822265625 0.2216796875 0.2734375
0 0.2861328125 0.279296875 0.2802734375 0.279296875 0.2734375 0.2861328125 0.2734375 0.3095703125 0.2783203125 0.314453125 0.287109375 0.3134765625 0.29296875 0.3076171875 0.296875 0.2958984375 0.29296875 0.2861328125 0.2861328125 0.279296875
0 0.3525390625 0.283203125 0.34375 0.2939453125 0.34375 0.3134765625 0.3525390625 0.322265625 0.361328125 0.3212890625 0.3671875 0.3173828125 0.3671875 0.2939453125 0.3603515625 0.283203125 0.3525390625 0.283203125
0 0.3505859375 0.34375 0.345703125 0.3486328125 0.34375 0.3623046875 0.349609375 0.3837890625 0.359375 0.3896484375 0.3671875 0.3818359375 0.369140625 0.3544921875 0.3642578125 0.34375 0.3505859375 0.34375
0 0.4033203125 0.34375 0.39453125 0.3544921875 0.396484375 0.3740234375 0.4013671875 0.37890625 0.4140625 0.3779296875 0.41796875 0.3720703125 0.419921875 0.3544921875 0.4150390625 0.345703125 0.4033203125 0.34375
0 0.4013671875 0.2890625 0.396484375 0.2958984375 0.3984375 0.3212890625 0.4013671875 0.32421875 0.416015625 0.3232421875 0.419921875 0.3193359375 0.419921875 0.2978515625 0.4130859375 0.2890625 0.4013671875 0.2890625
0 0.3779296875 0.234375 0.3671875 0.2451171875 0.37109375 0.2724609375 0.3740234375 0.27734375 0.390625 0.2763671875 0.396484375 0.2685546875 0.396484375 0.2431640625 0.3876953125 0.234375 0.3779296875 0.234375