0 0.15873932589285714 0.2689355669642857 0.15583992857142856 0.2656001919642857 0.1331244107142857 0.2619233482142857 0.049848745535714285 0.2581885669642857 0.015998446428571428 0.2537511875 0.014691767857142856 0.27243751339285716 0.0757035 0.27670387053571427 0.08875435267857143 0.26926279464285713 0.09914564285714286 0.2699894241071429 0.10479911607142857 0.2787384330357143 0.1557891160714286 0.28125979464285716 0.15873932589285714 0.2689355669642857
0 0.017846526785714283 0.22732241964285715 0.12626463392857143 0.2405594598214286 0.1689415982142857 0.24249951339285714 0.17145583482142857 0.23641006250000002 0.16483589732142856 0.22654925892857142 0.01925461607142857 0.20718576785714288 0.017846526785714283 0.22732241964285715
0 0.12865587946428572 0.40049085267857143 0.14349433928571428 0.39735161160714283 0.14132157142857144 0.3836249464285714 0.10584585267857143 0.3832326651785714 0.10236515178571429 0.3882103169642857 0.10468324553571429 0.3998587276785714 0.12865587946428572 0.40049085267857143
0 0.11063449107142857 0.35955067857142853 0.12339469196428572 0.3562661205357143 0.12315485714285714 0.34476303571428574 0.11290888839285715 0.3419581428571429 0.10749525446428572 0.3447122142857143 0.10662329910714285 0.3571817678571429 0.11063449107142857 0.35955067857142853
0 0.16341920982142857 0.32147333482142854 0.1662241026785714 0.31122736607142854 0.15945883482142856 0.3034448214285714 0.1426874419642857 0.30436047321428567 0.13253598660714286 0.31513692410714284 0.13321179910714284 0.3204052366071429 0.16341920982142857 0.32147333482142854
0 0.006888116071428571 0.3840349375 0.0055050937500000004 0.40381313839285715 0.07945349107142856 0.40227133482142857 0.09124722767857142 0.39787498214285716 0.09197385714285713 0.3874836875 0.08907445982142857 0.3841483125 0.059978839285714285 0.3821137455357143 0.006888116071428571 0.3840349375
0 0.008535638392857143 0.3604743169642857 0.08443827232142857 0.3608514910714286 0.08642201785714286 0.34741547767857145 0.08366794642857144 0.3420018392857143 0.05249406696428571 0.3398219508928571 0.00995909375 0.34011794196428574 0.008535638392857143 0.3604743169642857
0 0.011802629464285714 0.31375416517857146 0.08222180803571429 0.3178838794642857 0.08652364732142857 0.31609627232142856 0.086959625 0.30986149999999996 0.08019436160714286 0.30207895089285713 0.012947857142857141 0.29737661607142857 0.011802629464285714 0.31375416517857146
0 0.35035371875 0.41077241964285716 0.35784561160714284 0.4081636741071429 0.36050517410714283 0.3999959642857143 0.3577511026785714 0.39458233482142857 0.3452815535714286 0.393710375 0.29482204464285716 0.39853558482142853 0.26364816964285714 0.3963556919642857 0.24769791517857143 0.4004613973214286 0.24518367857142856 0.40655084375 0.24779242410714283 0.4140427366071428 0.2634520267857143 0.4140935535714286 0.35035371875 0.41077241964285716
0 0.3099074642857143 0.36199888839285715 0.263895125 0.3629582366071428 0.26055975 0.36585763392857146 0.26079958482142857 0.3773607142857143 0.30347654464285717 0.3793007723214286 0.36084663839285713 0.3801798482142857 0.3705621160714286 0.37563816517857146 0.37114342410714285 0.3673251383928572 0.3099074642857143 0.36199888839285715
0 0.2668961517857143 0.3349744107142857 0.2714378348214286 0.34468988839285714 0.3099582767857143 0.3463392857142857 0.37564140625000003 0.3477996651785714 0.37762515625000004 0.3343636517857143 0.29560660714285714 0.3275841473214286 0.27675695535714284 0.32835446875 0.2668961517857143 0.3349744107142857
0 0.2522101428571429 0.29113483928571426 0.24665117857142857 0.29596717410714285 0.24814813392857143 0.30442553125 0.2531257901785714 0.3079062321428571 0.35607224553571426 0.31406074107142856 0.36037409375 0.3122731339285714 0.3609553973214286 0.30396010267857143 0.35196654910714287 0.29811048660714284 0.2522101428571429 0.29113483928571426
0 0.2755577767857143 0.27083904910714285 0.28246836607142856 0.2765433392857143 0.3831912366071428 0.2846307767857143 0.385996125 0.2743848125 0.3830967276785714 0.27104943303571427 0.3376656919642857 0.26369574107142857 0.2762844107142857 0.2604477589285714 0.2755577767857143 0.27083904910714285
0 0.5071966875 0.3778831160714286 0.4549495758928571 0.37840648214285716 0.44093225446428574 0.3847357723214286 0.4456192589285714 0.39237299107142853 0.4737484107142857 0.39329576339285716 0.5124141830357143 0.39286690625000004 0.5178278169642857 0.39011283035714284 0.5184091205357143 0.38179979910714285 0.5071966875 0.3778831160714286
0 0.4899964375 0.3401329955357143 0.5118908169642857 0.3406197901785714 0.5158074955357143 0.3294073571428572 0.4421019821428572 0.32320915624999996 0.43862128125 0.3281868169642857 0.44316295982142856 0.3379022946428571 0.4899964375 0.3401329955357143
0 0.44003084374999996 0.2781632857142857 0.4450085044642857 0.28164399107142857 0.5124792410714286 0.28740620982142856 0.5172170625 0.27938382589285715 0.5103064732142857 0.27367954464285715 0.44186926785714287 0.2668055267857143 0.4385338928571429 0.26970492410714286 0.44003084374999996 0.2781632857142857