0 0.09415958928571429 0.16555902232142855 0.124749875 0.05944391517857143 0.12254016517857143 0.05561658928571429 0.10338910714285714 0.04832035267857143 0.07355847767857142 0.15964977232142857 0.09415958928571429 0.16555902232142855
0 0.05817724107142857 0.2917975803571428 0.08661070089285715 0.19373185714285715 0.08292785267857142 0.18735297321428573 0.06795999107142857 0.18054361160714286 0.03941861607142857 0.28706147767857143 0.05817724107142857 0.2917975803571428
0 0.019932308035714285 0.40233209821428567 0.025574616071428573 0.3973734776785714 0.04606445982142857 0.32090434821428576 0.032338441964285716 0.3134850357142857 0.009295625 0.39948200892857144 0.019932308035714285 0.40233209821428567
0 0.33226133035714284 0.2509264419642857 0.35056979910714287 0.2590674196428571 0.39209248660714285 0.2691149776785714 0.4209206696428572 0.1776255 0.4187109598214286 0.17379816964285716 0.3599582142857143 0.1515849419642857 0.35613088839285717 0.15379465178571428 0.33226133035714284 0.2509264419642857
0 0.3598033660714286 0.28095297321428575 0.3276058348214286 0.27232566964285715 0.32377850892857146 0.2745353794642857 0.2978966026785714 0.3711279642857143 0.3001063125 0.37495529017857143 0.32170290178571426 0.38289890625 0.35920090178571423 0.39186805357142857 0.3643040044642857 0.38892177232142855 0.3870951473214285 0.29581467857142857 0.3598033660714286 0.28095297321428575
0 0.27657859375 0.4667866160714286 0.2787883035714286 0.47061394196428574 0.3303727142857143 0.48335753124999997 0.3501788705357143 0.4174893348214286 0.3479691651785714 0.41366200892857147 0.29819973214285717 0.39816950446428573 0.2943724017857143 0.40037921428571427 0.27657859375 0.4667866160714286
0 0.49310448660714284 0.3026515401785714 0.5378586160714286 0.13562686607142857 0.5341757633928571 0.12924798660714285 0.5042408258928571 0.1363247232142857 0.4909438616071428 0.14570276339285715 0.4803429330357143 0.14501907589285715 0.4754371919642857 0.15125347767857142 0.45034473660714286 0.26099854464285716 0.4407835044642857 0.2886321741071428 0.4423095267857143 0.3030604330357143 0.46370875892857144 0.3077159285714286 0.49310448660714284 0.3026515401785714
0 0.44978098660714283 0.3395716116071429 0.4366285 0.3403610625 0.43226196874999995 0.34458312053571427 0.3966743482142857 0.47739791964285716 0.39834485267857145 0.48323759375 0.4338305 0.49166753125 0.43893360267857146 0.4887212544642857 0.4416296339285714 0.4786595267857143 0.44166835267857146 0.4463175223214286 0.45187455803571425 0.44042496428571426 0.47506042857142855 0.35389410714285713 0.47373177232142855 0.34275396874999997 0.4669581651785714 0.3398605758928572 0.4686286696428571 0.34570024553571427 0.4582250982142857 0.3483046830357143 0.44762416071428573 0.3476209955357143 0.4519906964285714 0.3433989419642857 0.44978098660714283 0.3395716116071429
0 0.5552473214285715 0.1834226607142857 0.5573654375 0.2077152857142857 0.5654676964285714 0.22174882142857144 0.5722413080357143 0.22464221874999998 0.5915753080357142 0.21688179464285715 0.6117374776785713 0.18993184821428571 0.6326220446428571 0.12003896875 0.6299647232142858 0.09775868303571429 0.6191135446428572 0.08191016964285715 0.6228879866071428 0.06782375 0.6106165535714286 0.06130039285714285 0.601686125 0.06645637946428572 0.5935980267857143 0.0966415625 0.5817742008928571 0.10857115625000001 0.5687274821428571 0.13311402232142858 0.5552473214285715 0.1834226607142857
0 0.4908456919642857 0.45194565625 0.49815850446428567 0.4528267098214286 0.5266731830357143 0.45507512946428574 0.5462574285714286 0.4624795401785714 0.5541094508928571 0.46134824553571424 0.5582786205357143 0.45383806696428575 0.5674451294642857 0.41962819642857146 0.5634591517857143 0.3862077767857143 0.5999278169642857 0.24608016517857143 0.5898660937500001 0.24338413392857142 0.5467786696428572 0.2512503214285714 0.5301935848214285 0.2608257232142857 0.48515049553571427 0.44502757589285713 0.4908456919642857 0.45194565625
0 0.7844535446428571 0.07660590625 0.78655728125 0.05914470089285714 0.7495781160714285 0.04923616517857143 0.6879667321428571 0.07447741964285715 0.6322840000000001 0.29033759375 0.6483827589285714 0.2946512455357143 0.721458 0.29158502678571424 0.732939982142857 0.2849559017857143 0.7844535446428571 0.07660590625
0 0.8962251294642857 0.1464562767857143 0.899315888392857 0.14297079464285714 0.9048137187499999 0.14660076339285716 0.9193864598214285 0.13648614732142858 0.9373918035714286 0.11758558928571429 0.9478335982142857 0.1023585625 0.8432930982142857 0.07434701785714286 0.8382476651785715 0.09317682589285714 0.8388926428571429 0.11491789285714285 0.8464557008928572 0.13096377678571428 0.8768382455357143 0.14233999553571428 0.8907272991071429 0.14282631696428572 0.8962251294642857 0.1464562767857143
0 1 0.34444633482142856 0.9361274151785715 0.6133166294642857 0.9473204419642858 0.6238646875 0.98219953125 0.6322585044642857 1 0.56582625 1 0.34444633482142856