0 0.3798828125 0.1875 0.376953125 0.1904296875 0.37890625 0.2236328125 0.3818359375 0.2265625 0.408203125 0.2255859375 0.4140625 0.2216796875 0.4140625 0.1904296875 0.4111328125 0.1875 0.3798828125 0.1875
0 0.3828125 0.3291015625 0.384765625 0.3603515625 0.4140625 0.3603515625 0.41796875 0.3564453125 0.4140625 0.3271484375 0.3857421875 0.326171875 0.3828125 0.3291015625
0 0.3779296875 0.3125 0.408203125 0.3115234375 0.41015625 0.2783203125 0.3759765625 0.27734375 0.375 0.3095703125 0.3779296875 0.3125
0 0.373046875 0.2685546875 0.3759765625 0.271484375 0.40625 0.2705078125 0.40625 0.2333984375 0.3740234375 0.232421875 0.37109375 0.2353515625 0.373046875 0.2685546875
0 0.421875 0.1884765625 0.421875 0.2177734375 0.4248046875 0.22265625 0.45703125 0.2216796875 0.458984375 0.2099609375 0.45703125 0.1884765625 0.4541015625 0.185546875 0.421875 0.1884765625
0 0.46484375 0.1884765625 0.46484375 0.2197265625 0.4677734375 0.22265625 0.498046875 0.2216796875 0.5 0.1884765625 0.4970703125 0.185546875 0.4677734375 0.185546875 0.46484375 0.1884765625
0 0.513671875 0.1904296875 0.513671875 0.2197265625 0.5166015625 0.22265625 0.546875 0.2216796875 0.548828125 0.1962890625 0.5419921875 0.19140625 0.5166015625 0.1875 0.513671875 0.1904296875
0 0.517578125 0.2353515625 0.517578125 0.2646484375 0.5205078125 0.267578125 0.552734375 0.2666015625 0.552734375 0.2353515625 0.5498046875 0.232421875 0.5205078125 0.232421875 0.517578125 0.2353515625
0 0.5224609375 0.2734375 0.517578125 0.2783203125 0.517578125 0.3076171875 0.5224609375 0.3125 0.548828125 0.3115234375 0.552734375 0.3095703125 0.552734375 0.2763671875 0.5498046875 0.2734375 0.5224609375 0.2734375
0 0.513671875 0.3251953125 0.513671875 0.3583984375 0.5166015625 0.361328125 0.546875 0.3603515625 0.548828125 0.3251953125 0.5458984375 0.322265625 0.5166015625 0.322265625 0.513671875 0.3251953125
0 0.46875 0.3310546875 0.470703125 0.3583984375 0.4736328125 0.361328125 0.501953125 0.3603515625 0.50390625 0.3271484375 0.5009765625 0.32421875 0.4736328125 0.32421875 0.46875 0.3310546875
0 0.427734375 0.3583984375 0.4306640625 0.361328125 0.458984375 0.3603515625 0.458984375 0.3271484375 0.4287109375 0.326171875 0.42578125 0.3291015625 0.427734375 0.3583984375
0 0.4248046875 0.232421875 0.419921875 0.2353515625 0.419921875 0.3134765625 0.4228515625 0.31640625 0.50390625 0.3154296875 0.5078125 0.3134765625 0.5078125 0.2353515625 0.5048828125 0.232421875 0.4248046875 0.232421875