0 0.17594833928571427 0.26007171875 0.17097388392857144 0.26579417857142856 0.17261948660714285 0.28932740178571426 0.18063092857142857 0.29629163839285716 0.1988904910714286 0.29608972767857145 0.20257085714285714 0.2872329955357143 0.19664648660714287 0.26399897767857144 0.19092402232142858 0.25902451339285715 0.17594833928571427 0.26007171875
0 0.24301723660714286 0.26613102678571426 0.2400325625 0.2695645 0.24182776339285714 0.2952371071428571 0.24968960714285715 0.30006196875 0.26138141517857144 0.2981694732142857 0.26735076785714285 0.2913025223214286 0.2660043660714286 0.27204807142857146 0.25799291964285714 0.2650838258928571 0.24301723660714286 0.26613102678571426
0 0 0.37436413392857143 0.0012815401785714285 0.3754781607142857 0.008694584821428571 0.37388486607142857 0.014663933035714284 0.36701791071428574 0.01669869642857143 0.3346279598214286 0.005799870535714286 0.3171164017857143 0 0.3165617857142857 0 0.37436413392857143
0 0 0.43553437500000003 0.01930154017857143 0.4333388080357143 0.02298190625 0.42448207589285714 0.021635504464285714 0.4052276205357143 0.016459138392857144 0.3926905178571429 0.010886276785714286 0.38985544196428573 0 0.39161754910714286 0 0.43553437500000003
0 0.08606390625 0.38889820089285715 0.07526969642857143 0.4036269955357143 0.07905468303571428 0.4270106160714286 0.0824881607142857 0.4299952901785714 0.10487688839285714 0.42735479464285714 0.10855725892857142 0.4184980625 0.10736045535714286 0.40138299107142855 0.09691042410714286 0.3902895848214286 0.08606390625 0.38889820089285715
0 0.07286875892857143 0.32317570535714285 0.06864230803571428 0.3395950892857143 0.07182889285714286 0.35442117410714286 0.07526236607142857 0.3574058482142857 0.09979047767857142 0.3546157544642857 0.10103225892857144 0.3416298482142857 0.09570629017857143 0.3269533660714286 0.08341608035714286 0.32028832142857144 0.07286875892857143 0.32317570535714285
0 0.195770875 0.38982612053571425 0.18497666517857142 0.4045549196428571 0.18572466964285714 0.4152518348214286 0.19861328125000002 0.43047441071428566 0.21030509375 0.4285819196428572 0.21582563839285715 0.4152968169642857 0.21447923660714285 0.39604236607142856 0.20646779464285717 0.3890781205357143 0.195770875 0.38982612053571425
0 0.2643807544642857 0.38717829464285713 0.24955466964285716 0.3903648794642857 0.24458020982142856 0.39608734375 0.24318882589285715 0.4069338571428571 0.2486643973214286 0.4237497321428571 0.2565262410714286 0.4285745892857143 0.2617999017857143 0.4271308973214286 0.2734394017857143 0.4091182232142857 0.27239220089285715 0.3941425401785715 0.2643807544642857 0.38717829464285713
0 0.20342347767857144 0.33017027232142854 0.19098366517857143 0.32136584375000005 0.18013714732142858 0.31997446428571424 0.1713327232142857 0.3324142767857143 0.1728287276785714 0.35380810714285715 0.18098976785714285 0.3629117366071429 0.1948209642857143 0.36086964285714285 0.200094625 0.35942595089285717 0.20476987946428574 0.3494247232142857 0.20342347767857144 0.33017027232142854
0 0.27004357589285716 0.32981142857142853 0.2620321294642857 0.3228471830357143 0.2556139776785714 0.32329598660714287 0.24864973660714287 0.33130742857142853 0.2504449375 0.3569800357142857 0.2561674017857143 0.3619544910714286 0.26571982589285714 0.3602115982142857 0.27168917857142855 0.3533446473214286 0.27507034375 0.3402091473214286 0.27004357589285716 0.32981142857142853
0 0.335070375 0.32203954464285717 0.32626595089285715 0.33447935714285715 0.32776195535714286 0.3558731919642857 0.3380623839285714 0.36482721875 0.3476148080357143 0.36308432589285716 0.35373375892857145 0.3583567544642857 0.3519385535714286 0.33268415178571425 0.3436279107142857 0.3214411428571428 0.335070375 0.32203954464285717
0 0.3375685982142857 0.38851004017857144 0.33259414285714284 0.39423250000000004 0.33150195982142855 0.4093577857142857 0.3395657142857143 0.43244220535714284 0.3507114330357143 0.43811235267857146 0.35867056696428573 0.42895641964285713 0.3587155491071429 0.39885544196428574 0.3525442901785714 0.3874628392857143 0.3375685982142857 0.38851004017857144
0 0.3953319598214286 0.38447083035714286 0.3865275357142857 0.3969106383928572 0.39016291964285715 0.4181548794642857 0.3958853839285714 0.42312933482142856 0.4097165758928571 0.4210872410714286 0.4135465401785714 0.4143698928571428 0.4143395223214286 0.39496583482142855 0.40831786607142856 0.3857126116071429 0.3953319598214286 0.38447083035714286
0 0.3890037723214285 0.3247176875 0.3841789107142857 0.33257953125 0.38826309821428573 0.3602419196428572 0.3916965758928571 0.36322659375 0.4076671517857143 0.3610349017857143 0.41164671875000003 0.35645693303571424 0.4100011160714286 0.33292370982142855 0.4018400669642857 0.32382008482142854 0.3890037723214285 0.3247176875
0 0.3591423571428572 0.26661014732142857 0.3481985491071429 0.2791995625 0.35457171875 0.30885173214285716 0.35815479464285715 0.31397579017857147 0.3762647589285714 0.3116344955357143 0.3820845044642857 0.3026281607142857 0.38013970089285715 0.2748161741071428 0.3698392723214286 0.26586214732142854 0.3591423571428572 0.26661014732142857