0 0 0.32373103124999997 0.0041226249999999996 0.3240439196428571 0.08324106249999999 0.32128104464285717 0.09544262053571428 0.3125165446428571 0.10585293750000001 0.31215300892857145 0.11238995982142856 0.32026314285714286 0.1633641830357143 0.31744078125 0.16501000000000002 0.3048756875 0.16177784374999998 0.3018616517857143 0.1388024330357143 0.3005793660714286 0.05559256696428572 0.30556972767857143 0 0.3041448303571429 0 0.32373103124999997
0 0 0.2758428392857143 0.008769254464285715 0.27802038839285714 0.1297470982142857 0.2800495580357143 0.1723930625 0.2775180223214286 0.1742570089285714 0.271199125 0.1666425982142857 0.26208431249999997 0 0.25749844196428573 0 0.2758428392857143
0 0.14884262946428573 0.43885487500000003 0.1632716607142857 0.43418179017857145 0.15967596428571426 0.4207574375 0.12435358482142857 0.4240755267857143 0.12141225446428572 0.42938974553571424 0.12493524107142857 0.4407320401785714 0.14884262946428573 0.43885487500000003
0 0.12664054464285715 0.4000227232142857 0.13898751785714286 0.39542235267857145 0.13754659375 0.3840073526785714 0.1270635625 0.3822888258928571 0.12196746875 0.3855936875 0.12240370982142858 0.3980860758928571 0.12664054464285715 0.4000227232142857
0 0.17515594196428572 0.35663646875 0.17687446874999999 0.3461534375 0.16933276785714285 0.33912068749999996 0.15274896428571427 0.3417844107142857 0.1437795625 0.3535629464285714 0.14500236160714283 0.35873175446428573 0.17515594196428572 0.35663646875
0 0 0.4584038169642857 0.10009588392857142 0.4457686517857143 0.1113654732142857 0.4401636071428571 0.1110019375 0.42975328125 0.10776977678571428 0.4267392455357143 0.078620875 0.42775714732142855 0 0.43890800446428574 0 0.4584038169642857
0 0 0.41324546875 0.020746098214285715 0.4120590535714285 0.10072380357142856 0.40405466071428575 0.10129223660714286 0.39048489285714283 0.097987375 0.3853887901785714 0.06675641071428572 0.3864794017857143 0 0.3939658080357143 0 0.41324546875
0 0 0.3605565982142857 0.001412638392857143 0.3658306205357143 0.09402814285714287 0.3615541116071429 0.0981195625 0.3593266383928571 0.09790144196428571 0.35308044196428573 0.09035974107142856 0.34604769196428575 0.0008309821428571429 0.3491741071428572 0 0.3500652276785714 0 0.3605565982142857
0 0.37040070089285715 0.42590638392857144 0.3775788616071428 0.4225288125 0.37937009821428574 0.4141278482142857 0.37606523214285714 0.40903175 0.36357284821428576 0.4094679955357143 0.3138941383928571 0.4195412232142857 0.28266317410714287 0.4206318348214286 0.2672294598214286 0.42638229910714287 0.26536551785714285 0.43270120089285713 0.2687430892857143 0.43987936160714286 0.2843222142857143 0.4382930267857143 0.37040070089285715 0.42590638392857144
0 0.3250777901785714 0.38162782589285715 0.27941779017857143 0.3873915178571429 0.2764037544642857 0.3906236741071428 0.27784467410714286 0.40203866964285717 0.32049063839285713 0.3995071383928571 0.37763834375 0.39438459375 0.3868258660714286 0.38885224999999995 0.3865350357142857 0.3805239955357143 0.3250777901785714 0.38162782589285715
0 0.27947727232142855 0.35924729464285715 0.28500961607142855 0.3684348169642857 0.32349145089285714 0.3660486964285714 0.3889674107142857 0.36063532142857146 0.3895358526785714 0.3470655491071429 0.3072579553571429 0.34889645982142853 0.28859208482142856 0.35163288392857145 0.27947727232142855 0.35924729464285715
0 0.26028923214285715 0.3171829910714286 0.25526583482142856 0.32256991964285714 0.25763873214285715 0.3308254642857143 0.26295295089285714 0.33376679464285713 0.3659787767857143 0.32912675446428574 0.37007020089285714 0.32689927232142857 0.3697793705357143 0.31857101785714287 0.3602283125 0.3136930401785714 0.26028923214285715 0.3171829910714286
0 0.2813874776785714 0.2945578883928572 0.28885646875000004 0.2995085758928572 0.38987293749999996 0.2970233035714286 0.3915914642857143 0.2865402767857143 0.3883593080357143 0.2835262410714286 0.34240848214285713 0.2809616696428571 0.2810239419642857 0.2841475669642857 0.2813874776785714 0.2945578883928572
0 0.5229465982142857 0.3768026964285714 0.47104040625000004 0.3827845089285714 0.4577614642857143 0.39054433035714287 0.4632211026785714 0.3976497857142857 0.4912926160714286 0.39562720982142857 0.5297017410714285 0.3911590267857143 0.5347978437500001 0.38785416071428575 0.5345070133928572 0.37952590625 0.5229465982142857 0.3768026964285714
0 0.5018946116071429 0.34105729017857145 0.5237199330357143 0.3392528348214286 0.5264431383928572 0.32769241964285717 0.45249350446428577 0.3292324955357143 0.4495521741071428 0.33454671874999997 0.4550845178571428 0.3437342410714286 0.5018946116071429 0.34105729017857145
0 0.4457251339285714 0.28464988839285715 0.45103935714285714 0.2875912142857143 0.5187427991071428 0.2862692589285714 0.5226160982142857 0.2777955848214286 0.5151471071428572 0.2728449017857143 0.44636628125 0.27316217857142855 0.4433522455357143 0.27639433482142856 0.4457251339285714 0.28464988839285715