0 0.19933238839285713 0 0.19416148660714286 0.11689557142857143 0.19861190625 0.12507938839285715 0.3825430401785714 0.14657224107142858 0.3873703348214286 0.14280074553571429 0.3931010267857143 0.060584330357142856 0.39513642410714284 0.0084636875 0.39042204910714284 0.0024295669642857144 0.37451632142857144 0 0.19933238839285713 0
0 0.22795255357142857 0.09049510267857143 0.23078116964285716 0.09411557142857142 0.3631195580357143 0.10927362946428572 0.3703605 0.10361638392857143 0.3754503705357143 0.03550498214285714 0.23477714285714285 0.01714142857142857 0.22866820089285714 0.04912294196428572 0.22795255357142857 0.09049510267857143
0 0.39159490625 0.17059579017857143 0.21935513392857145 0.15162951339285713 0.19838605803571427 0.1446906205357143 0.19027843749999998 0.18406410267857143 0.18911109375000001 0.2646587142857143 0.19193971428571427 0.2682791875 0.29633202678571424 0.2800059017857143 0.3895608794642857 0.28490664285714284 0.39819501785714284 0.17904355357142857 0.39159490625 0.17059579017857143
0 0.30244097321428576 0.24802438392857143 0.30617436607142856 0.23539014732142857 0.3074179151785715 0.18971859375000003 0.3045892991071429 0.1860981205357143 0.22720017857142857 0.17659593303571428 0.22305180357142856 0.18372395089285715 0.22022455803571428 0.2422936919642857 0.22950227678571428 0.24670601339285714 0.26510426339285714 0.24998633482142857 0.29640685714285714 0.25273875 0.30244097321428576 0.24802438392857143
0 0.42586204910714287 0.009885357142857142 0.4103298705357143 0.2785594732142857 0.4659580580357143 0.2875718660714286 0.6972954642857143 0.30506599107142857 0.7141501473214286 0.1500238080357143 0.7219189866071429 0.14006716517857143 0.7162617455357143 0.1328262276785714 0.7232387366071429 0.12931867857142856 0.7287816785714286 0.08417502678571429 0.7213135089285715 0.04725329017857143 0.6611219732142857 0.03986270089285714 0.6608742857142857 0.015997964285714285 0.65197165625 0.014904861607142857 0.6424155178571428 0.023382138392857143 0.6475448660714286 0.03492248214285714 0.6417746919642857 0.03748715178571428 0.6301962589285715 0.025154964285714287 0.6205416696428572 0.03269795535714286 0.42586204910714287 0.009885357142857142
0 0.5789179017857142 0.08449083035714286 0.5399593928571428 0.08188943303571429 0.5238176116071428 0.07117904464285714 0.49157214732142857 0.06721979910714286 0.4816168794642857 0.12164116517857142 0.47464263839285714 0.249529125 0.6420551160714286 0.2722669017857143 0.6729427321428572 0.2695131026785714 0.6862926160714286 0.23187434375 0.6848966696428571 0.20769977232142858 0.6907797633928572 0.19532948214285714 0.6848585669642857 0.19023823660714287 0.6939852589285714 0.18699464285714287 0.695002955357143 0.16093432142857142 0.6884028392857143 0.15248655357142857 0.6491803794642858 0.15203485267857145 0.6252316562500001 0.13381957589285715 0.5800880044642858 0.12827663392857142 0.5789179017857142 0.08449083035714286
0 0.5136732232142858 0.10048295982142856 0.51744471875 0.10531025446428573 0.5269863839285714 0.107572875 0.5237808883928572 0.1159077232142857 0.5122405535714286 0.12103706696428572 0.5117126517857142 0.12533645982142858 0.51763384375 0.13042770535714285 0.5086595535714286 0.20351742857142857 0.5116392008928571 0.2147938125 0.5166175178571428 0.21867823660714286 0.5823152767857144 0.22565385267857144 0.6265160580357143 0.2299899732142857 0.6325501741071429 0.2252756026785714 0.6410346651785714 0.17394680803571427 0.6278344285714287 0.15705127232142857 0.6337175223214285 0.14468098660714285 0.6249677053571429 0.13596927232142858 0.5886867946428571 0.1293324330357143 0.5839724241071428 0.1232983125 0.5847642767857143 0.11684921875 0.5773723080357144 0.11485054910714286 0.5679435625 0.1027823080357143 0.5136732232142858 0.10048295982142856
0 0.7806153705357143 0.24563783035714287 0.7834439866071429 0.24925829910714284 0.8663393258928572 0.2583455133928571 0.8822144107142857 0.1468251830357143 0.8793857857142857 0.14320471428571427 0.7976972723214286 0.13317462500000002 0.7940768035714285 0.13600324553571427 0.7806153705357143 0.24563783035714287
0 1 0.08810491517857143 0.9547367544642856 0.08044712946428571 0.9511162857142857 0.08327574553571428 0.9404820982142857 0.13434059375000001 0.9376167544642857 0.17544880357142856 0.9404453705357143 0.17906927232142858 0.9681274910714286 0.18465031696428572 1 0.18806696875 1 0.08810491517857143
0 1 0.19511008482142858 0.9350901785714285 0.1871401607142857 0.9269444642857143 0.20905211607142857 0.9124272276785714 0.32728549107142857 0.9962654419642857 0.3375795267857143 1 0.33774919642857143 1 0.19511008482142858
0 1 0.21865330803571428 0.9560973571428572 0.2115405892857143 0.9500632410714286 0.21625495982142856 0.9384113526785713 0.293380125 0.9433896696428572 0.2972645446428572 0.9854407500000001 0.30133671875 0.9976600133928571 0.29956389285714285 1 0.29573698660714287 1 0.21865330803571428