0 0.32055394642857143 0.22214625 0.3182563660714286 0.22568421428571428 0.3272303839285714 0.2583388080357143 0.33076834374999997 0.26063638839285713 0.35682154017857143 0.25408208035714286 0.3618301607142857 0.24895133482142856 0.35521479017857144 0.21782845535714285 0.35167682589285715 0.2155308794642857 0.32055394642857143 0.22214625
0 0.391185875 0.38705911160714285 0.3942493125 0.38234183035714286 0.3841570401785714 0.35399104910714285 0.35574520089285716 0.3590136428571428 0.3534476205357143 0.3625516026785714 0.3620081785714286 0.39326102232142857 0.391185875 0.38705911160714285
0 0.33568278125 0.3124514464285714 0.34153229464285717 0.3447536428571429 0.3450702589285714 0.3470512232142857 0.37501381250000004 0.33966999553571425 0.3699301651785714 0.30618847767857144 0.33568278125 0.3124514464285714
0 0.3643859598214286 0.2992346785714286 0.3565302053571428 0.2622762589285714 0.3242280089285714 0.2681257723214286 0.32193042857142856 0.27166373214285716 0.33090443750000004 0.30431833035714284 0.33444240178571427 0.3066159107142857 0.3643859598214286 0.2992346785714286
0 0.3687839598214286 0.24340713392857144 0.3727353794642857 0.24764989285714287 0.4046241205357143 0.23985520089285714 0.40408853125000005 0.22777066071428573 0.39759528571428576 0.20678714285714286 0.39405732589285714 0.2044895625 0.36258204910714287 0.2142294375 0.3687839598214286 0.24340713392857144
0 0.411991375 0.23625617410714286 0.4155293392857143 0.23855375446428573 0.44547289285714287 0.2311725267857143 0.4403892455357143 0.19769100892857144 0.43685128125 0.19539342857142855 0.40767358482142857 0.2015953392857143 0.40537600446428573 0.20513329910714284 0.411991375 0.23625617410714286
0 0.460620875 0.22591965625000002 0.46415883035714284 0.22821723660714285 0.4941023928571428 0.2208360044642857 0.49067258035714284 0.19513520982142857 0.48283080357142855 0.19171936607142856 0.45671654017857144 0.193204 0.4544189642857143 0.19674195982142859 0.460620875 0.22591965625000002
0 0.4740208303571429 0.269831875 0.4775587946428571 0.27212945535714284 0.50944753125 0.26433475892857144 0.5028321607142857 0.23321188392857145 0.4992941964285714 0.23091430357142856 0.4701165 0.2371162142857143 0.46781891964285716 0.2406541785714286 0.4740208303571429 0.269831875
0 0.4807443526785714 0.27755153125 0.4769150580357143 0.28344813392857143 0.48311696875 0.31262583035714286 0.4890135669642857 0.3164551294642857 0.5150667633928572 0.3099008214285714 0.5185436651785714 0.30712871428571425 0.5115148348214286 0.27406066071428575 0.507976875 0.27176308035714286 0.4807443526785714 0.27755153125
0 0.4899765892857143 0.36402742857142856 0.49351454464285716 0.36632500892857145 0.5234581071428571 0.35894378125 0.5179609910714286 0.3235170803571429 0.51442303125 0.32121950000000005 0.48524533035714285 0.3274214107142857 0.4829477544642857 0.330959375 0.4899765892857143 0.36402742857142856
0 0.4471826294642857 0.3731235669642857 0.4507205892857143 0.37542114732142856 0.47871896875 0.368453375 0.47363531696428574 0.3349718526785714 0.4700973526785714 0.33267428125000004 0.4428648348214286 0.33846273214285716 0.43944900000000003 0.3463045089285714 0.4471826294642857 0.3731235669642857
0 0.4359250089285714 0.37754951339285714 0.42889617410714287 0.34448145089285714 0.39853916071428575 0.34991750446428577 0.3962415803571429 0.35345546875 0.40438867410714285 0.3822197008928572 0.4079266294642857 0.38451728125 0.4359250089285714 0.37754951339285714
0 0.37480268303571423 0.25737579017857143 0.37055992410714284 0.26132721428571426 0.38709835267857146 0.33913441071428574 0.39063631249999997 0.34143198660714286 0.47115454910714283 0.3233007767857143 0.4746314508928572 0.3205286785714286 0.45809301785714285 0.24272148214285713 0.45455505803571433 0.2404239017857143 0.37480268303571423 0.25737579017857143