0 0.36852125 0.14422717857142858 0.3655655491071429 0.14762732142857143 0.3702026785714286 0.18349559375 0.3736028169642857 0.18645129017857145 0.40213001785714286 0.18339198660714287 0.4081895625 0.17871032142857143 0.4058191964285714 0.14481250892857142 0.4024190535714286 0.14185681249999998 0.36852125 0.14422717857142858
0 0.41870805803571426 0.32913184375 0.42264899107142856 0.32459831696428576 0.4161895446428571 0.29311541964285714 0.38539558482142855 0.29420425892857144 0.38243988839285714 0.29760439732142857 0.38692886607142857 0.33135405803571427 0.41870805803571426 0.32913184375
0 0.3710988214285714 0.24197966964285714 0.3724839553571429 0.27701086160714283 0.37588409375 0.2799665580357143 0.40864852678571434 0.2766109598214286 0.40824862500000003 0.24044638839285715 0.3710988214285714 0.24197966964285714
0 0.4034188080357143 0.23226823660714285 0.400604 0.1920145892857143 0.3655728080357143 0.1933997232142857 0.36261711160714283 0.19679986160714286 0.36725423660714285 0.23266813392857144 0.3706543794642857 0.23562383482142857 0.4034188080357143 0.23226823660714285
0 0.41636771875 0.17388050000000002 0.4199160044642857 0.1789548125 0.45479904910714286 0.17545106696428572 0.4560287723214286 0.16259124107142855 0.4522805357142857 0.13943464732142857 0.4488803928571428 0.13647895089285714 0.4141455 0.14210130803571427 0.41636771875 0.17388050000000002
0 0.4631253482142857 0.17273986607142858 0.46652549553571426 0.1756955625 0.4992899196428571 0.17233996428571427 0.4988900178571428 0.13617539285714286 0.49548987946428574 0.13321969642857143 0.46371068303571433 0.13544191517857143 0.4607549821428571 0.13884205357142856 0.4631253482142857 0.17273986607142858
0 0.5160906741071428 0.16903616964285714 0.5194908169642857 0.17199186607142858 0.5522552455357143 0.16863626785714286 0.5524479330357143 0.1409461517857143 0.5446624196428572 0.13616813392857144 0.51682415625 0.13385683035714285 0.5138684553571429 0.13725696874999999 0.5160906741071428 0.16903616964285714
0 0.5237353035714286 0.21746796875000002 0.5271354419642857 0.22042366517857143 0.5620184821428571 0.21691991964285715 0.5596481160714285 0.18302211160714285 0.5562479776785715 0.18006641517857142 0.5244687812500001 0.18228863392857142 0.5215130848214286 0.18568877678571427 0.5237353035714286 0.21746796875000002
0 0.5296985 0.22663135714285715 0.5247723392857143 0.23229825892857142 0.5269945580357143 0.2640774508928571 0.5326614553571428 0.2690036160714286 0.56118865625 0.2659443169642857 0.5652777366071429 0.26352940625 0.56275921875 0.22751298660714286 0.5593590803571429 0.22455729017857143 0.5296985 0.22663135714285715
0 0.5266091696428571 0.3194576875 0.5300093169642858 0.3224133839285714 0.5627737410714285 0.31905778571428567 0.5622256919642857 0.2807746071428571 0.5588255535714286 0.2778189107142857 0.5270463616071429 0.280041125 0.52409065625 0.28344126785714285 0.5266091696428571 0.3194576875
0 0.4799996875 0.32271694196428574 0.48339983035714285 0.32567263839285715 0.5140456428571428 0.32246518750000003 0.5136457455357143 0.2863006160714286 0.5102455982142857 0.28334491964285713 0.48058501785714286 0.28541899107142854 0.47580700446428575 0.2932045044642857 0.4799996875 0.32271694196428574
0 0.46743615624999996 0.32572444196428574 0.4649176428571429 0.2897080178571429 0.4320050714285714 0.29094500446428573 0.4290493705357143 0.29434514285714286 0.4333902008928571 0.32597619642857145 0.43679034375 0.32893189285714286 0.46743615624999996 0.32572444196428574
0 0.42065674553571425 0.18954787946428572 0.4155824375 0.19309616964285717 0.42150835267857145 0.2778406875 0.4249084910714286 0.2807963839285714 0.5127568571428571 0.27358894196428574 0.5168459330357142 0.27117403125 0.5109200223214285 0.18642951339285713 0.5075198794642858 0.18347381696428572 0.42065674553571425 0.18954787946428572