0 0.08705600892857143 0.06595119642857143 0.06382522767857143 0.1665747589285714 0.06646088839285715 0.16981505803571428 0.11955843749999999 0.1851630892857143 0.12963746874999998 0.17719166964285712 0.14995271875000002 0.08919666964285713 0.14228183928571428 0.08227653125 0.08705600892857143 0.06595119642857143
0 0.2901385892857143 0.16893353571428574 0.30262703125 0.13268299107142859 0.2954076026785714 0.1238074107142857 0.21658873214285715 0.09943162946428571 0.21072114285714286 0.11146484375 0.18950047767857142 0.23014586160714284 0.19326046428571428 0.2361631026785714 0.20845257142857143 0.24173014285714284 0.2678679017857143 0.25647709375 0.27313314285714285 0.25151365625 0.2901385892857143 0.16893353571428574
0 0.30864049553571427 0.16908569642857144 0.26409659375 0.3709479285714286 0.3203530357142857 0.3859954241071429 0.36382426785714284 0.393971875 0.40851780803571425 0.20038287053571427 0.39543204910714286 0.19015294196428573 0.3146577276785715 0.16532570982142855 0.30864049553571427 0.16908569642857144
0 0.25041477232142856 0.3008499642857143 0.2171722142857143 0.2931753125 0.19460978125 0.28384702232142855 0.18438111160714285 0.28354521875 0.15503812053571428 0.39726154910714284 0.15879810714285716 0.4032787857142857 0.22257578125 0.4169731830357143 0.22889356249999998 0.4163720892857143 0.25417475892857144 0.30686719642857146 0.25041477232142856 0.3008499642857143
0 0.4831214732142857 0.2608595535714286 0.4635682857142857 0.24295749107142856 0.4200970580357143 0.2349810357142857 0.4140798214285714 0.23874102232142858 0.40249176785714286 0.29785580803571426 0.4160289776785714 0.3061302946428572 0.4582967589285714 0.31485874553571425 0.4673219821428572 0.31591254910714284 0.4713837767857143 0.31170111160714287 0.4831214732142857 0.2608595535714286
0 0.40263763839285716 0.3462917276785714 0.3966204017857143 0.3500517142857143 0.37404790625 0.4478239419642857 0.37780789285714284 0.4538411785714286 0.43180833928571427 0.46527832589285717 0.43617067857142855 0.4642257857142857 0.4591946294642857 0.36449811160714285 0.45347920089285715 0.3580294285714286 0.40263763839285716 0.3462917276785714
0 0.4709197455357143 0.44753219642857145 0.4710681383928571 0.4691929910714286 0.49769236160714286 0.47430983928571424 0.5029575982142858 0.46934640625 0.5282387946428572 0.35984151785714286 0.5157541294642857 0.3559293705357143 0.49123499107142854 0.35953719642857146 0.4709197455357143 0.44753219642857145
0 0.5941429419642857 0.15467200446428572 0.5655494330357143 0.2963669107142857 0.5709643169642857 0.2996767008928572 0.6097739196428572 0.29215924553571426 0.6449870133928571 0.13963457142857144 0.6427310223214285 0.13602422767857142 0.6276885625 0.13873041517857143 0.5941429419642857 0.15467200446428572
0 0.6956663482142857 0.2769746875 0.7236562455357143 0.15573712499999998 0.7257638482142857 0.13768667857142858 0.7215524107142857 0.13362488392857144 0.6789815669642857 0.14851266964285714 0.6725128794642857 0.15422810267857143 0.6464784285714286 0.27591710714285717 0.6473800714285715 0.2853937857142857 0.6544498526785715 0.28599613839285715 0.6872422142857142 0.28223866517857144 0.6956663482142857 0.2769746875
0 0.7152346294642857 0.13422597767857142 0.6729643303571429 0.15227265625 0.6455755267857143 0.279828 0.6473800714285715 0.2853937857142857 0.6564052991071428 0.28644758482142857 0.6952148973214286 0.2789301294642857 0.7277192901785714 0.138138125 0.7254632991071429 0.13452778571428572 0.7152346294642857 0.13422597767857142
0 0.5547146383928572 0.34329757589285714 0.5259714821428572 0.4767192544642857 0.5650803750000001 0.4857482544642857 0.5721514107142857 0.47296304017857144 0.5969811607142858 0.36541358928571427 0.6008945625 0.3395413616071429 0.5908167946428572 0.33412521875 0.5547146383928572 0.34329757589285714
0 0.6776096071428571 0.34180490178571427 0.6318811294642857 0.34360566964285716 0.6260135357142858 0.35563888392857146 0.6106617232142858 0.448899125 0.6001287276785714 0.485601125 0.60388871875 0.4916183571428571 0.6442010535714287 0.49989535714285716 0.6509702901785713 0.49733882142857144 0.6852804821428571 0.3487250357142857 0.6776096071428571 0.34180490178571427
0 1 0.10228204464285715 0.8478352232142857 0.06715203571428571 0.8080497053571428 0.08459541517857143 0.7475554151785715 0.34662498214285714 0.7549257455357142 0.3503862232142857 0.9518295758928571 0.3361146294642857 1 0.12354283928571429 1 0.10228204464285715