0 0.9135859107142857 0.28272955803571426 0.8273089642857142 0.28781946875 0.81618965625 0.29504043303571426 0.8051050491071429 0.36722999107142856 0.7911949375 0.4026110803571429 0.7522114955357143 0.5860137544642857 0.854407080357143 0.6162556026785715 0.9264871428571428 0.2971861205357143 0.9233417946428571 0.2869331160714285 0.9135859107142857 0.28272955803571426
0 1 0.4769763169642857 0.9713736607142858 0.47179245535714287 0.9651962633928571 0.4758040982142857 0.9517686339285715 0.5389761294642857 0.9582512366071428 0.5435488660714286 0.9880160223214285 0.5488106294642857 0.9977225758928572 0.5231854285714286 1 0.5094248125 1 0.4769763169642857
0 0.6993857142857143 0.4938499910714286 0.7017927008928571 0.49755642857142857 0.7234062544642857 0.5010855892857143 0.7342349910714285 0.45014040625 0.731828 0.44643396875 0.7134877366071429 0.442535625 0.7097812991071428 0.4449426116071429 0.6993857142857143 0.4938499910714286
0 0.5078811383928572 0.48296270535714286 0.5259454776785714 0.40799697321428574 0.5133494508928572 0.4021247946428571 0.5076052098214286 0.4040986294642857 0.49201183035714285 0.47745970089285716 0.4944188169642857 0.48116613392857144 0.5078811383928572 0.48296270535714286
0 0.5323348303571429 0.4881604955357143 0.5508323125 0.4111569642857143 0.5488584776785714 0.40541271875 0.5386694419642858 0.4032469732142857 0.5349630044642857 0.4056539598214286 0.5201079866071429 0.48556159821428574 0.5323348303571429 0.4881604955357143
0 0.5364104464285714 0.48902679464285714 0.5408552410714286 0.4931663794642857 0.5563553705357143 0.4953960982142857 0.5777569642857143 0.41475009375 0.5762162723214285 0.40696804464285713 0.5578760044642858 0.4030697008928571 0.5508323125 0.4111569642857143 0.5364104464285714 0.48902679464285714
0 0.052761040178571424 0.40965257589285714 0.05956349107142857 0.38766984821428574 0.05851991964285714 0.37253889285714287 0.05450827678571429 0.3663615044642857 0.04271458035714286 0.36172479910714284 0.03616800892857143 0.36246316071428575 0.027086508928571427 0.37011727232142855 0.02071720982142857 0.3900621919642857 0.0233654375 0.40766410267857145 0.02898174107142857 0.4163124508928572 0.04040625892857143 0.41767587053571426 0.052761040178571424 0.40965257589285714
0 0.03366777678571429 0.43434750892857144 0.02996134375 0.43675449553571427 0.01999890625 0.4836240714285714 0.023577401785714287 0.4918392678571428 0.03296410714285714 0.4927695401785714 0.040810129464285715 0.48591775446428576 0.04587998214285714 0.47208625 0.0507725625 0.4390481830357143 0.03366777678571429 0.43434750892857144
0 0.12245036607142858 0.4926215446428572 0.13011911607142856 0.4665631964285714 0.12215979464285713 0.4488973169642857 0.11444171874999999 0.44512691071428573 0.10789514732142858 0.4458652723214286 0.09387173214285714 0.4567286964285714 0.08867394196428571 0.4811823883928571 0.09780476785714286 0.50335703125 0.10515367410714285 0.5038541473214285 0.11046476339285714 0.5039181205357143 0.12245036607142858 0.4926215446428572
0 0.10766854017857143 0.3968299553571429 0.101058 0.40287940624999996 0.09586020982142858 0.42733309375 0.09987185267857143 0.4335104866071428 0.11493883482142857 0.43777800892857144 0.1280319776785714 0.4363012946428571 0.1377385357142857 0.41067609374999997 0.13416004017857144 0.4024608973214286 0.10766854017857143 0.3968299553571429
0 0.1887823839285714 0.48116233482142856 0.18891032589285714 0.47054014732142857 0.18489867857142858 0.4643627544642857 0.1726718348214286 0.46176386160714283 0.1612966517857143 0.4902291919642857 0.16104077232142858 0.5114735669642857 0.16875885267857144 0.5152439732142857 0.17610775446428573 0.5157410892857143 0.18271829464285713 0.5096916383928571 0.1887823839285714 0.48116233482142856
0 0.20981479464285716 0.39724304464285715 0.19758795089285713 0.39464415178571427 0.1839976875 0.40346977232142855 0.17719523660714284 0.42545250446428573 0.17867195535714284 0.43854564732142853 0.18428826339285714 0.44719399553571426 0.19324182142857144 0.4501620714285714 0.21053851339285715 0.4389294642857143 0.21777411607142858 0.41490892410714286 0.20981479464285716 0.39724304464285715