0 0.91590759375 0.2880383660714286 0.9130041651785714 0.28492482142857145 0.8546299598214285 0.28891066071428567 0.8474350625 0.29367966964285713 0.8446334955357143 0.37390599999999996 0.8474668839285714 0.37902520089285713 0.86655565625 0.37868774553571427 0.9077066696428571 0.37912071875 0.9108202142857144 0.3762172901785714 0.91590759375 0.2880383660714286
0 0.9041346741071428 0.4814092857142857 0.9093239151785715 0.47657023660714287 0.9121254821428572 0.39634390625 0.9092920892857144 0.3912247053571428 0.8631619553571428 0.3896138035714286 0.8439331071428572 0.39396257589285716 0.8410615 0.4761945669642857 0.8438948883928571 0.48131376785714286 0.8710062946428572 0.48125646875 0.8841481294642858 0.4787032366071428 0.9041346741071428 0.4814092857142857
0 0.04121776785714286 0.2926353482142857 0.03395282142857143 0.2994100133928571 0.032482 0.3415288348214286 0.03725101339285714 0.34872373660714284 0.05032280803571428 0.34817616071428575 0.05454424553571429 0.3422992633928571 0.056155147321428574 0.29616912946428575 0.053251714285714284 0.2930555803571429 0.04121776785714286 0.2926353482142857
0 0.09472105357142857 0.5143911116071428 0.09762448660714286 0.51750465625 0.11069628125 0.5169570848214285 0.1328285625 0.5157218526785714 0.13319149553571427 0.4765765 0.10317666517857142 0.47352025446428575 0.09605179910714286 0.47628360714285717 0.09472105357142857 0.5143911116071428
0 0.05435320982142857 0.46277883482142856 0.05260223214285714 0.5129202901785714 0.07051308035714286 0.5175619598214286 0.0745944330357143 0.5156963794642857 0.07641545089285715 0.4635492633928572 0.07351202232142857 0.46043571875 0.05746675892857143 0.45987540625 0.05435320982142857 0.46277883482142856
0 0.13859085714285715 0.46572047767857144 0.1414942857142857 0.46883402232142857 0.1686056875 0.4687767232142857 0.1702165892857143 0.4226465848214286 0.1673131607142857 0.41953304017857146 0.1411695669642857 0.42062818750000003 0.13798598214285715 0.4255372723214285 0.13859085714285715 0.46572047767857144
0 0.04283501339285715 0.39008486607142856 0.048992066964285715 0.38628366517857143 0.04997261607142857 0.35820445089285713 0.03704089732142857 0.3547407098214285 0.03392734821428572 0.35764413839285714 0.032876763392857146 0.38772901339285715 0.04283501339285715 0.39008486607142856
0 0.08278901339285714 0.2810343705357143 0.07988558482142857 0.27792082142857144 0.06058669196428572 0.28427525446428575 0.05802072321428571 0.30025048214285716 0.058555558035714286 0.34243934375 0.061458986607142864 0.34555288839285714 0.07252512946428571 0.34493527232142857 0.07660648660714285 0.34306969642857144 0.08138822767857143 0.3211475357142857 0.08278901339285714 0.2810343705357143
0 0.05680458035714286 0.39258079910714283 0.05970800892857143 0.39569434374999995 0.07478546875 0.3952168080357143 0.08315829464285715 0.38546867410714286 0.08406880357142857 0.3593951160714286 0.07127716071428572 0.3519200580357143 0.05917317410714286 0.3535054821428571 0.05680458035714286 0.39258079910714283
0 0.08783817410714287 0.28020663839285714 0.08465459374999999 0.28511572767857146 0.08395420535714285 0.3051723080357143 0.08851309375000001 0.31838418303571425 0.09757357589285713 0.3176965267857143 0.10580632589285714 0.3119597142857143 0.10678687499999999 0.28388050000000004 0.09593085267857142 0.27848113392857143 0.08783817410714287 0.28020663839285714
0 0.14248122321428572 0.2680580892857143 0.11522974107142857 0.27212670535714284 0.11319860714285714 0.3302907901785714 0.12315685714285715 0.3326466428571429 0.14134786160714286 0.32926568303571424 0.14248122321428572 0.2680580892857143
0 0.1667910625 0.3482271116071428 0.17903512946428574 0.34263037500000004 0.17809279464285716 0.2833584017857143 0.15478258928571428 0.28957275 0.15289153125000002 0.3437255267857143 0.15773058482142857 0.34891476785714287 0.1667910625 0.3482271116071428
0 0.14255760714285715 0.40963208928571426 0.1449389375 0.34143970982142857 0.12792586160714287 0.3398415491071428 0.1227366205357143 0.34468059375000004 0.12077552678571428 0.4008390267857143 0.12346883482142856 0.4099695446428572 0.14255760714285715 0.40963208928571426
0 0.3127010982142857 0.39649664285714287 0.30937743749999996 0.40541704464285716 0.3106827008928571 0.4255436696428571 0.3135861294642857 0.4286572142857143 0.3326749017857143 0.4283197544642857 0.33682629910714285 0.4244485133928571 0.33766676785714284 0.4003806160714286 0.3347633392857143 0.3972670714285714 0.3127010982142857 0.39649664285714287
0 0.31589742410714283 0.36247049107142854 0.31049806249999995 0.37332651339285716 0.31194340625 0.3894418169642857 0.3188581517857143 0.39269544196428574 0.33192995089285715 0.39214787053571426 0.3380870044642857 0.38834666964285713 0.3389274732142857 0.3642787723214286 0.3360240446428571 0.36116522321428574 0.31589742410714283 0.36247049107142854
0 0.8998750223214286 0.574637375 0.9036316607142857 0.5245659598214286 0.8606150669642857 0.5200516294642857 0.8558205848214285 0.5710908571428571 0.8998750223214286 0.574637375