0 0.8991323125 0.3242670669642857 0.8151303482142858 0.32628519196428574 0.8040814866071428 0.33292401339285715 0.7908619464285714 0.40268945535714284 0.7761459866071428 0.4365948125 0.7320456383928572 0.6134716339285714 0.8303158258928571 0.6463230223214286 0.9111770267857143 0.33875123214285713 0.9084687946428571 0.3286823839285714 0.8991323125 0.3242670669642857
0 0.9275373303571428 0.5745394553571429 0.9336808660714285 0.5792024196428571 0.9624226919642858 0.5853248258928572 0.9727233348214286 0.5607559598214286 0.9815381205357143 0.5170293928571429 0.9488657008928572 0.5099269821428571 0.9427274464285714 0.5136152187499999 0.9275373303571428 0.5745394553571429
0 0.6838456517857142 0.5221301741071429 0.68605859375 0.5258131294642857 0.7069392276785714 0.5299755223214285 0.7191893214285715 0.48084306696428575 0.7169763794642857 0.47716011607142855 0.6992886964285715 0.47275008482142855 0.6956057455357143 0.47496302232142856 0.6838456517857142 0.5221301741071429
0 0.4981434732142857 0.505054 0.5182389151785715 0.43282797767857145 0.5061994866071429 0.4266950044642857 0.5005512366071428 0.42841794196428573 0.4829110982142857 0.49916866964285717 0.4851240357142857 0.502851625 0.4981434732142857 0.505054
0 0.5217270535714286 0.5109340446428571 0.5423125 0.4367427232142857 0.5405895580357143 0.43109447321428573 0.5307630669642858 0.42864445535714285 0.5270801160714286 0.4308573973214286 0.5099352678571428 0.5079940223214285 0.5217270535714286 0.5109340446428571
0 0.5256576473214286 0.5119140535714285 0.5298358839285714 0.5160870133928571 0.5448206250000001 0.5187793928571429 0.568351375 0.44114747767857143 0.5671184419642857 0.43353392857142853 0.5494307589285714 0.42912389285714286 0.5423125 0.4367427232142857 0.5256576473214286 0.5119140535714285
0 0.0584225625 0.41838143303571423 0.06577790625 0.39725315625 0.06527733482142857 0.38251606250000003 0.061589098214285716 0.37637780803571425 0.05028731696428572 0.3714724866071428 0.04390141964285715 0.3719677723214286 0.03481785714285714 0.3790966026785714 0.02795251785714286 0.3982595803571428 0.029928383928571427 0.4154519732142857 0.03509191517857143 0.42404553125 0.04614605357142857 0.4257579017857143 0.0584225625 0.41838143303571423
0 0.03903307589285714 0.4417279330357143 0.035350120535714284 0.4439408705357143 0.024080031249999998 0.4891427276785714 0.027278263392857143 0.49724628125 0.03636710714285714 0.49846864732142854 0.04422301785714285 0.49207746874999997 0.04961834375 0.4788103839285714 0.05549310267857143 0.4468756116071429 0.03903307589285714 0.4417279330357143
0 0.12331966071428571 0.501361125 0.13165500892857143 0.4763022544642857 0.12452089732142857 0.4588674955357143 0.11714970982142857 0.4549421875 0.1107638125 0.45543746875 0.09676964732142856 0.46551688839285715 0.09088960267857142 0.4891004642857143 0.09900900446428572 0.5109558214285714 0.10613254910714286 0.5116881830357143 0.11129079464285714 0.5119305446428571 0.12331966071428571 0.501361125
0 0.11220741071428572 0.4077855982142857 0.1055791517857143 0.41343912946428574 0.09969910267857142 0.43702270982142855 0.10338734375 0.4431609642857143 0.11788207142857143 0.44781864285714285 0.13065387053571428 0.44682806696428573 0.14095451785714286 0.4222592008928571 0.13775628571428572 0.41415564732142857 0.11220741071428572 0.4077855982142857
0 0.18815864732142856 0.49247766517857144 0.18864337053571428 0.48216116964285716 0.1849551339285714 0.4760229151785714 0.17316334821428572 0.47308289285714283 0.16114504464285714 0.5003547053571429 0.16017560267857142 0.5209876964285715 0.16754679464285713 0.5249130089285714 0.1746703392857143 0.525645375 0.18129859375000001 0.5199918392857142 0.18815864732142856 0.49247766517857144
0 0.2114417544642857 0.41165279910714286 0.1996499642857143 0.40871277678571427 0.1861458080357143 0.4168268973214286 0.1787904642857143 0.43795516964285713 0.17978103571428572 0.45072696875 0.1849445669642857 0.4593205223214286 0.19354340625000002 0.4625081875 0.21073052232142858 0.45218112946428574 0.21857586607142857 0.42908755803571424 0.2114417544642857 0.41165279910714286