0 0.26753804017857147 0.041080437500000004 0.26149266517857145 0.03700278125 0.07125686607142857 0.07398087499999999 0.1083305 0.20796225892857143 0.11515965625 0.21443435267857144 0.29854591517857143 0.17767345535714285 0.3020057455357143 0.17254404464285716 0.2818501294642857 0.09178107589285714 0.26753804017857147 0.041080437500000004
0 0.13254930803571427 0.17205640178571427 0.13639636160714286 0.17465127232142857 0.2682471964285714 0.14790784375000002 0.27343694196428575 0.14021373214285715 0.25706804464285715 0.07319957589285715 0.11621058035714285 0.09946527232142857 0.1203241875 0.13209230803571428 0.13254930803571427 0.17205640178571427
0 0.3147387633928571 0.19792453125 0.1433714017857143 0.23346341517857144 0.12106351785714285 0.23334274553571427 0.12556435267857144 0.2736940625 0.14959719642857142 0.35147493303571425 0.15344425 0.35406980357142853 0.2573800625 0.33275250892857144 0.3484621875 0.30836261160714284 0.3237152276785714 0.20397923660714287 0.3147387633928571 0.19792453125
0 0.25326645089285715 0.3001254732142857 0.25290939285714287 0.28682421875 0.23984948660714284 0.24256551339285712 0.23600242857142859 0.23997063839285712 0.15869929017857146 0.2549968482142857 0.15693920535714284 0.2631385223214286 0.17250348214285713 0.3202810892857143 0.1827924642857143 0.3216237767857143 0.218014375 0.31366311160714283 0.24894166517857141 0.3065372321428571 0.25326645089285715 0.3001254732142857
0 0.4616790178571429 0 0.2974957767857143 0.03285636607142857 0.3664311919642857 0.29578358035714286 0.4226786339285714 0.2870786294642857 0.6503537723214287 0.23168085267857141 0.6181540491071429 0.07749196428571428 0.622509 0.06550323214285715 0.6148148883928571 0.060313486607142856 0.6204220267857143 0.0547666875 0.6116567410714285 0.0096731875 0.6061984017857143 0 0.4616790178571429 0
0 0.46780109375 0.05675008928571429 0.42956691964285715 0.06641050446428572 0.41071886607142855 0.061160424107142855 0.37850922321428576 0.06742134375 0.3859318258928571 0.12280382589285714 0.4191473482142857 0.24782550892857144 0.5870548794642857 0.21741603125 0.6158650267857143 0.20513058035714285 0.6169411607142857 0.16480942857142858 0.6080552008928571 0.1420238125 0.6098454508928571 0.12830516964285715 0.6025687366071428 0.12526273214285716 0.6103231830357142 0.11929853571428571 0.6031671383928572 0.09394821875 0.5941906741071429 0.08789351339285714 0.5563738928571429 0.09970123660714285 0.5276844151785715 0.08967880803571428 0.4825909196428571 0.09844409821428571 0.46780109375 0.05675008928571429
0 0.4101204642857143 0.09247494196428571 0.41524987053571427 0.09593477232142857 0.4251214598214286 0.09513014732142856 0.42464373214285717 0.10413678125 0.4151593660714286 0.1126656830357143 0.41599415625 0.11696030357142857 0.423270875 0.12000273660714286 0.43746229464285713 0.19301125892857143 0.44384388392857144 0.20291301785714286 0.44983825 0.2050904955357143 0.5151224910714286 0.19128630357142856 0.5589336383928571 0.18165605803571427 0.5632584241071429 0.17524429464285715 0.5553882633928572 0.12329147321428571 0.5374353348214286 0.11118207142857142 0.5392255848214286 0.09746342410714286 0.5281018125 0.09182611607142857 0.49118015625 0.09677451785714286 0.48476839732142857 0.09244973214285714 0.48351620982142857 0.08600780357142856 0.4757919285714286 0.08639503125 0.46296841071428574 0.07774545535714285 0.4101204642857143 0.09247494196428571
0 0.7118401741071428 0.148591375 0.7156872276785714 0.15118624553571428 0.7981499464285714 0.13404289732142857 0.7785927321428572 0.02196541071428571 0.7747456785714286 0.019370535714285715 0.6931479151785714 0.035231535714285715 0.6905530446428572 0.03907858928571428 0.7118401741071428 0.148591375
0 0.8327158169642858 0 0.8407440357142857 0.032168848214285714 0.84459109375 0.03476371875 0.8729235089285714 0.03148489732142857 0.9165058705357143 0.022315428571428573 0.9121681919642857 0 0.8327158169642858 0
0 0.8419660491071428 0.044187745535714286 0.8409804196428572 0.06777798214285714 0.8639371294642857 0.1858800044642857 0.9452281294642857 0.17007863392857142 0.9178887767857143 0.02942986160714286 0.8419660491071428 0.044187745535714286
0 0.9371568258928571 0.1326497857142857 0.9375957723214287 0.13081354464285713 0.9224537455357142 0.05291458928571429 0.8697604017857143 0.0610695 0.8654356160714285 0.06748125892857143 0.878314513392857 0.14520179464285715 0.8843088794642858 0.14737927232142858 0.92597271875 0.13816641964285714 0.9371568258928571 0.1326497857142857