0 0 0.3076171875 0.0224609375 0.3125 0.078125 0.3134765625 0.080078125 0.2099609375 0.0771484375 0.20703125 0.0009765625 0.19921875 0 0.3076171875
0 0.0068359375 0.33203125 0.00390625 0.3369140625 0.00390625 0.4326171875 0.0087890625 0.4375 0.076171875 0.4365234375 0.078125 0.3408203125 0.0732421875 0.3359375 0.0498046875 0.33203125 0.0068359375 0.33203125
0 0.0107421875 0.4609375 0.009765625 0.5458984375 0.068359375 0.5458984375 0.072265625 0.5400390625 0.072265625 0.4658203125 0.0517578125 0.4609375 0.0107421875 0.4609375
0 0.3125 0.2392578125 0.314453125 0.3330078125 0.3330078125 0.3359375 0.373046875 0.3349609375 0.376953125 0.2451171875 0.3740234375 0.2421875 0.3154296875 0.236328125 0.3125 0.2392578125
0 0.3154296875 0.353515625 0.3125 0.3564453125 0.3125 0.4501953125 0.3154296875 0.453125 0.3369140625 0.455078125 0.373046875 0.4541015625 0.376953125 0.4501953125 0.375 0.3603515625 0.3466796875 0.353515625 0.3154296875 0.353515625
0 0.31640625 0.4775390625 0.31640625 0.5419921875 0.3193359375 0.544921875 0.369140625 0.5439453125 0.37109375 0.4794921875 0.3681640625 0.4765625 0.3193359375 0.474609375 0.31640625 0.4775390625
0 0.4423828125 0.1875 0.4326171875 0.19921875 0.4228515625 0.201171875 0.419921875 0.2080078125 0.423828125 0.3134765625 0.421875 0.3408203125 0.4267578125 0.353515625 0.447265625 0.3525390625 0.47265625 0.3408203125 0.47265625 0.1787109375 0.4677734375 0.173828125 0.4423828125 0.1875
0 0.46875 0.4755859375 0.46875 0.3916015625 0.46484375 0.3818359375 0.4580078125 0.380859375 0.4609375 0.3857421875 0.4521484375 0.390625 0.4423828125 0.392578125 0.4453125 0.3876953125 0.4423828125 0.384765625 0.4306640625 0.388671875 0.427734375 0.3935546875 0.427734375 0.5224609375 0.4306640625 0.52734375 0.46484375 0.5263671875 0.46875 0.5224609375 0.46875 0.5126953125 0.4609375 0.4833984375 0.46875 0.4755859375
0 0.546875 0.1220703125 0.533203125 0.1103515625 0.533203125 0.0966796875 0.5205078125 0.09375 0.513671875 0.1005859375 0.513671875 0.1298828125 0.505859375 0.1435546875 0.5 0.1689453125 0.5 0.2177734375 0.5078125 0.2392578125 0.5185546875 0.25 0.525390625 0.2509765625 0.541015625 0.2392578125 0.552734375 0.2099609375 0.5546875 0.1416015625 0.546875 0.1220703125
0 0.568359375 0.4619140625 0.568359375 0.4287109375 0.556640625 0.3994140625 0.5556640625 0.263671875 0.5458984375 0.263671875 0.5087890625 0.28125 0.49609375 0.2939453125 0.5 0.4716796875 0.5068359375 0.4765625 0.513671875 0.4755859375 0.5400390625 0.470703125 0.5595703125 0.47265625 0.56640625 0.4697265625 0.568359375 0.4619140625
0 0.6767578125 0.03125 0.6591796875 0.037109375 0.59375 0.0869140625 0.595703125 0.2958984375 0.611328125 0.2958984375 0.6767578125 0.275390625 0.685546875 0.2666015625 0.681640625 0.0654296875 0.6767578125 0.03125
0 0.8076171875 0.099609375 0.818359375 0.0869140625 0.830078125 0.0654296875 0.841796875 0.0322265625 0.8427734375 0 0.73828125 0.0009765625 0.734375 0.0185546875 0.734375 0.0673828125 0.740234375 0.0869140625 0.7509765625 0.099609375 0.78125 0.1025390625 0.7939453125 0.099609375 0.7998046875 0.1015625 0.8017578125 0.09765625 0.8076171875 0.099609375
0 0.94921875 0.5146484375 0.9619140625 0.521484375 1 0.5205078125 0.9970703125 0.1953125 0.9443359375 0.212890625 0.94140625 0.2412109375 0.94921875 0.5146484375