0 0.14378143303571428 0.2627610089285714 0.1399878214285714 0.26907464285714283 0.14553186160714285 0.2913105848214285 0.15437095089285716 0.29662164732142854 0.17180527232142856 0.29334833928571424 0.17383215625 0.28425453125 0.16424521428571429 0.2630265982142857 0.15793158035714286 0.2592329821428571 0.14378143303571428 0.2627610089285714
0 0.20896638392857142 0.25724413839285715 0.20669021875 0.2610323169642857 0.21273826339285715 0.2852897098214286 0.22107334375 0.28857931696428574 0.23193931696428574 0.28479657142857145 0.2364916517857143 0.27722021428571425 0.2319556160714286 0.25902716964285716 0.22311653125 0.25371611160714286 0.20896638392857142 0.25724413839285715
0 0 0.46165821874999996 0.00015528125 0.4617515223214285 0.023149950892857145 0.45494475446428567 0.025176830357142858 0.4458509464285714 0.020640794642857143 0.42765790178571433 0.013573875 0.41653721428571433 0.007764245535714286 0.41476504910714285 0 0.417468 0 0.46165821874999996
0 0.07952298660714285 0.4011678080357143 0.07168104017857144 0.41707925446428573 0.07924653125 0.4388111919642857 0.08303471428571428 0.44108736160714285 0.10400792857142857 0.4347845982142857 0.1060348125 0.4256907901785714 0.10200278125 0.40951919642857143 0.09013423660714286 0.4006692410714286 0.07952298660714285 0.4011678080357143
0 0.0558130625 0.3405188973214286 0.05453946875 0.35693977678571426 0.06008894642857143 0.3705859151785714 0.063877125 0.3728620848214286 0.08687179464285714 0.3660553125 0.08586921875 0.3534226160714286 0.07829829464285713 0.34028047321428573 0.06541630357142857 0.3359774241071429 0.0558130625 0.3405188973214286
0 0.18463292410714285 0.38354940624999995 0.1767909732142857 0.39946084821428574 0.1793109955357143 0.4095680982142857 0.19420899553571427 0.4219569464285714 0.20507496428571428 0.4181742008928571 0.20811529017857144 0.4045334910714286 0.20357925446428574 0.38634044642857146 0.19474016964285715 0.38102938839285716 0.18463292410714285 0.38354940624999995
0 0.24982330803571426 0.36944273214285717 0.2361771607142857 0.3749922053571429 0.23238355357142856 0.3813058392857143 0.2328821205357143 0.3919170892857143 0.24095704910714286 0.40708068303571426 0.2492921339285714 0.41037028571428574 0.2540937544642857 0.4080995535714286 0.26219041964285716 0.38890393749999996 0.2586623928571429 0.37475379017857147 0.24982330803571426 0.36944273214285717
0 0.18189078125 0.3251875267857143 0.16850479464285714 0.3188630267857143 0.15789354017857143 0.31936159375 0.15156904017857142 0.3327475848214286 0.15660908035714285 0.3529620803571429 0.16595217410714286 0.36029458482142857 0.17883959375 0.3560078392857143 0.18364121428571428 0.35373710267857145 0.18642681696428573 0.3433805714285714 0.18189078125 0.3251875267857143
0 0.2455637232142857 0.31360630357142855 0.23672463839285715 0.30829524553571425 0.23066029017857143 0.30980725446428575 0.2253492276785714 0.31864634374999995 0.23139727678571428 0.34290373660714285 0.2377109107142857 0.3466973482142857 0.24655543303571428 0.3434186026785714 0.25110776785714284 0.3358422455357143 0.25212664285714287 0.3227055401785714 0.2455637232142857 0.31360630357142855
0 0.30646192410714285 0.2952020089285714 0.3001374241071429 0.308588 0.3051774642857143 0.32880249107142856 0.31654200446428576 0.3356309955357143 0.3253865223214286 0.33235225446428573 0.3304428660714286 0.32679734375 0.32439481696428574 0.3025399508928572 0.31454772321428576 0.29318599107142856 0.30646192410714285 0.2952020089285714
0 0.3200646026785714 0.3583709464285714 0.31627098660714287 0.36468457589285713 0.3177775625 0.3793387276785714 0.3293859553571429 0.40006265625 0.34100521428571423 0.4036069866071429 0.3470749955357143 0.39350517410714286 0.34204038839285716 0.364700875 0.3342147455357143 0.35484291964285714 0.3200646026785714 0.3583709464285714
0 0.37464373660714284 0.34476283928571433 0.3683192321428571 0.3581488258928571 0.37538071874999995 0.3778593169642857 0.38169435714285715 0.3816529330357143 0.3945817723214286 0.37736617857142857 0.39711266071428575 0.3702938214285714 0.3945980714285714 0.35159677678571427 0.3872764330357143 0.3437602633928571 0.37464373660714284 0.34476283928571433
0 0.35851017410714286 0.28866625892857145 0.3552205625 0.2970013392857143 0.36379406249999996 0.32277617857142854 0.36758224553571434 0.3250523482142857 0.3824911116071429 0.32026159375 0.38552600446428575 0.31521068303571426 0.37998195982142857 0.29297474107142857 0.37063887053571426 0.28564223214285717 0.35851017410714286 0.28866625892857145
0 0.32014066964285715 0.23811371875 0.31179471875 0.2520037142857143 0.3228936741071428 0.27929599553571427 0.32718585714285714 0.2835936160714286 0.3441161741071429 0.27829886160714284 0.3481645089285714 0.2687010491071428 0.34161245535714285 0.24242220535714284 0.33024791517857144 0.23559370089285717 0.32014066964285715 0.23811371875