0 0.3427734375 0.080078125 0.2099609375 0.076171875 0.169921875 0.0791015625 0.1796875 0.2041015625 0.1845703125 0.2109375 0.3515625 0.2099609375 0.35546875 0.2060546875 0.3515625 0.1318359375 0.34765625 0.0849609375 0.3427734375 0.080078125
0 0.203125 0.1396484375 0.20703125 0.1767578125 0.2099609375 0.1796875 0.330078125 0.1787109375 0.3359375 0.1728515625 0.3330078125 0.111328125 0.205078125 0.1103515625 0.203125 0.1396484375
0 0.2060546875 0.232421875 0.1865234375 0.228515625 0.18359375 0.2646484375 0.19140625 0.3369140625 0.1943359375 0.33984375 0.2890625 0.3388671875 0.373046875 0.3330078125 0.369140625 0.2373046875 0.3623046875 0.23046875 0.2060546875 0.232421875
0 0.2890625 0.2568359375 0.2861328125 0.25390625 0.2158203125 0.25390625 0.212890625 0.2607421875 0.216796875 0.3134765625 0.2255859375 0.31640625 0.2578125 0.3154296875 0.2861328125 0.314453125 0.291015625 0.3095703125 0.29296875 0.2978515625 0.2890625 0.2568359375
0 0.6487513928571429 0.1609816785714286 0.6546107678571429 0.1570754285714286 0.6546107678571429 0.11605980357142856 0.6438685803571429 0.08383324107142856 0.5891810803571429 0.08383324107142856 0.5852748303571429 0.054536366071428574 0.5706263928571429 0.07113792857142857 0.5764857678571429 0.08090355357142856 0.5716029553571429 0.08383324107142856 0.5598842053571429 0.07406761607142856 0.5520717053571429 0.08188011607142856 0.37531389285714284 0.08285667857142856 0.39093889285714284 0.32504417857142853 0.44172014285714284 0.32699730357142853 0.6507045178571429 0.31723167857142853 0.6487513928571429 0.1766066785714286 0.6546107678571429 0.1668410535714286 0.6487513928571429 0.1609816785714286
0 0.6328125 0.2197265625 0.626953125 0.2158203125 0.634765625 0.2119140625 0.6328125 0.1884765625 0.6259765625 0.181640625 0.5908203125 0.185546875 0.5673828125 0.171875 0.5263671875 0.171875 0.5205078125 0.1328125 0.4853515625 0.134765625 0.4697265625 0.126953125 0.4404296875 0.126953125 0.4375 0.1767578125 0.4453125 0.2919921875 0.59765625 0.2939453125 0.625 0.2880859375 0.6328125 0.2529296875 0.62890625 0.2314453125 0.6328125 0.2197265625
0 0.572265625 0.1923828125 0.576171875 0.1806640625 0.5673828125 0.173828125 0.5341796875 0.171875 0.529296875 0.1669921875 0.529296875 0.1611328125 0.5224609375 0.16015625 0.5126953125 0.150390625 0.4638671875 0.154296875 0.4677734375 0.158203125 0.4765625 0.1591796875 0.474609375 0.1669921875 0.46484375 0.1728515625 0.46484375 0.1767578125 0.470703125 0.1806640625 0.470703125 0.2470703125 0.474609375 0.2568359375 0.4794921875 0.259765625 0.5390625 0.2587890625 0.5791015625 0.2578125 0.583984375 0.2529296875 0.5859375 0.2060546875 0.572265625 0.1923828125
0 0.71875 0.1552734375 0.71875 0.2548828125 0.7216796875 0.2578125 0.796875 0.2568359375 0.798828125 0.1552734375 0.7958984375 0.15234375 0.7216796875 0.15234375 0.71875 0.1552734375
0 0.853515625 0.0908203125 0.849609375 0.1376953125 0.8515625 0.1748046875 0.8544921875 0.177734375 0.8798828125 0.1796875 0.943359375 0.1787109375 0.947265625 0.0966796875 0.9423828125 0.091796875 0.8564453125 0.087890625 0.853515625 0.0908203125
0 0.9404296875 0.185546875 0.8505859375 0.185546875 0.845703125 0.2060546875 0.845703125 0.3134765625 0.921875 0.3134765625 0.9345703125 0.3125 0.939453125 0.3037109375 0.943359375 0.1884765625 0.9404296875 0.185546875
0 0.9228515625 0.20703125 0.8720703125 0.205078125 0.8671875 0.2099609375 0.865234375 0.2802734375 0.8701171875 0.283203125 0.908203125 0.2822265625 0.9189453125 0.279296875 0.923828125 0.2685546875 0.92578125 0.2099609375 0.9228515625 0.20703125