0 0.3392857142857143 0.25 0.10267857142857142 0.12053571428571429
0 0.4330357142857143 0.22991071428571427 0.09821428571428571 0.12053571428571429
0 0.3482142857142857 0.38839285714285715 0.11160714285714286 0.10267857142857142
0 0.46651785714285715 0.3861607142857143 0.04017857142857143 0.049107142857142856
0 0.48660714285714285 0.36160714285714285 0.07589285714285714 0.10267857142857142
0 0.6944807276785714 0.1158204375 0.6411148571428571 0.1261937142857143 0.6589832991071428 0.20183792410714285 0.7080713348214286 0.19387852232142858 0.6944807276785714 0.1158204375
0 0.6450892857142857 0.16964285714285715 0.07589285714285714 0.07589285714285714
0 0.625 0.29910714285714285 0.09375 0.11160714285714286
0 0.7276785714285714 0.3080357142857143 0.08928571428571429 0.10714285714285714
0 0.6830357142857143 0.35044642857142855 0.0625 0.049107142857142856
0 0.38839285714285715 0.40625 0.03571428571428571 0.044642857142857144