0 0.12507405357142856 0.043197924107142856 0.0026789017857142858 0.04533433928571429 0.00139765625 0.16951354910714286 0.12551667857142856 0.16734704017857144 0.12507405357142856 0.043197924107142856
0 0 0.3455095669642857 0.11654885714285713 0.34511683035714286 0.12127785267857143 0.22087744642857143 0 0.22299435714285715 0 0.3455095669642857
0 0.34893712053571424 0.02549517857142857 0.19384851785714288 0.03165105803571429 0.19140639285714284 0.28690496875 0.22080254464285715 0.2915650580357143 0.22119371875 0.3139754375 0.35045428125000005 0.30999479017857146 0.34893712053571424 0.02549517857142857
0 0.49894436607142856 0.0246011875 0.3868623794642857 0.0248331875 0.38626448660714285 0.28695250892857144 0.5018243125 0.28838420982142854 0.49894436607142856 0.0246011875
0 0.5232805267857142 0.13453803571428571 0.5306875625 0.16372355357142857 0.5395777544642857 0.17908798214285712 0.5514643392857143 0.16853409821428572 0.5486960267857143 0.00993757142857143 0.5335723258928572 0.032618758928571426 0.5272786294642857 0.06721662946428572 0.52440259375 0.1000304419642857 0.5232805267857142 0.13453803571428571
0 0.5540006517857143 0.21504864732142856 0.5126878258928571 0.21921856250000002 0.5150950535714286 0.3571285892857143 0.5564981517857143 0.35813029464285717 0.5540006517857143 0.21504864732142856
0 0.4937766517857143 0.3212882857142857 0.44372408482142855 0.31871316071428574 0.43797202232142857 0.3843407857142857 0.493166125 0.38510176785714284 0.4937766517857143 0.3212882857142857
0 0.7437473035714286 0.21863420535714287 0.6662030089285714 0.22171214285714286 0.6700632946428572 0.34407720089285715 0.7459138125000001 0.34275322767857147 0.7437473035714286 0.21863420535714287
0 0.6724190669642857 0.38024849553571427 0.6710261875 0.3992412142857143 0.6799765535714286 0.4180533883928571 0.7025072991071429 0.42455771875 0.7178416339285715 0.4139436517857143 0.7192345178571429 0.3949509375 0.7155159508928571 0.3794962366071429 0.6946188125 0.3677901919642857 0.68085790625 0.36975479464285715 0.6724190669642857 0.38024849553571427
0 0.7583420223214287 0.36322909821428573 0.7307600178571428 0.3637105446428572 0.7335069598214286 0.4222922142857143 0.757611125 0.42014707142857144 0.7583420223214287 0.36322909821428573
0 0.85848596875 0.2718122544642857 0.7670904866071429 0.2716831607142857 0.7716127633928572 0.4319734821428572 0.85953040625 0.430438875 0.85848596875 0.2718122544642857
0 0.8019377991071428 0.19347687946428574 0.7588108214285715 0.19250525892857143 0.7617383169642856 0.26143018749999997 0.8066493482142858 0.26581945535714285 0.8019377991071428 0.19347687946428574
0 0.8612115535714285 0.23037906249999998 0.8371073839285714 0.23252420535714285 0.8358047723214286 0.2566885446428571 0.8616328169642857 0.2545133214285714 0.8612115535714285 0.23037906249999998
0 0.8347215223214286 0.19462903571428572 0.8175128571428572 0.19665381696428572 0.8161801607142857 0.21909428125000002 0.8333888214285714 0.21706950892857144 0.8347215223214286 0.19462903571428572
0 0.8819646473214285 0.3856334553571429 0.8648940714285714 0.3859314241071429 0.8653835892857142 0.4139759330357143 0.8811922633928572 0.41126059374999996 0.8819646473214285 0.3856334553571429
0 0.9532302053571428 0.3650005178571428 0.8911406026785714 0.3643598883928571 0.8922840357142857 0.42986715625 0.9543435491071428 0.4287839017857143 0.9532302053571428 0.3650005178571428
0 0.8798939776785714 0.33688167857142853 0.8639150357142856 0.3298424017857143 0.8631426607142857 0.3554695401785714 0.8681476651785714 0.3627003660714286 0.8802983616071429 0.3600488794642857 0.8800855267857143 0.34785561607142856 0.8798939776785714 0.33688167857142853
0 0.9517858660714286 0.2822545 0.8914502321428571 0.2833076651785714 0.8891760044642857 0.3505989821428571 0.9512656116071428 0.35123960267857146 0.9517858660714286 0.2822545
0 0.9521556785714286 0.20465001785714285 0.8883422008928571 0.20403949107142857 0.8912095089285714 0.26951665625 0.9497911830357142 0.26676970982142856 0.9521556785714286 0.20465001785714285
0 0.95973453125 0.34246977232142856 0.9973560133928572 0.3441625803571428 0.9963103973214286 0.28425935714285716 0.9604955133928571 0.28727567857142855 0.95973453125 0.34246977232142856
0 0.975589125 0.26287060267857143 0.9959545267857143 0.26387165625 0.9949138035714286 0.2042485535714286 0.9728722723214285 0.20601280803571428 0.975589125 0.26287060267857143
0 0.8802832544642857 0.28930666517857145 0.8680687053571429 0.28830016964285715 0.8684092410714286 0.30780939732142854 0.8806025044642858 0.3075965625 0.8802832544642857 0.28930666517857145
0 0.98996771875 0.42399828125 0.9987704508928571 0.42519568303571426 0.9983324285714286 0.40010142857142855 0.9920019910714286 0.40078851785714287 0.98996771875 0.42399828125
0 0.9806236651785715 0.3778128616071429 0.9672110803571429 0.3780469776785714 0.9677005982142858 0.40609149107142856 0.9811131830357143 0.405857375 0.9806236651785715 0.3778128616071429
0 0.9980262767857143 0.38256213839285713 0.9976006116071429 0.35817560267857146 0.9973537053571429 0.3580056696428571 0.9827430714285714 0.35948040178571433 0.9804533973214287 0.36805825 0.9867841562499999 0.38136442410714283 0.9965813303571428 0.38363281250000003 0.9980262767857143 0.38256213839285713