0 0.1277709375 0.046182267857142856 0.01847290625 0.046182267857142856 0.015394089285714285 0.15701970535714288 0.12623152678571428 0.15701970535714288 0.1277709375 0.046182267857142856
0 0.12161329910714284 0.2047413794642857 0.006157633928571429 0.2047413794642857 0.006157633928571429 0.31403941071428576 0.11545566517857143 0.31557881696428575 0.12161329910714284 0.2047413794642857
0 0.20935960714285715 0.28940886607142857 0.3248152723214286 0.2878694598214286 0.32789408928571434 0.03386699553571428 0.1893472901785714 0.0369458125 0.18318965625 0.26477832589285716 0.20935960714285715 0.26939655357142855 0.20935960714285715 0.28940886607142857
0 0.46182266071428574 0.03540640178571429 0.36176108482142855 0.03386699553571428 0.35714285714285715 0.26785714285714285 0.46028325 0.2709359598214286 0.46182266071428574 0.03540640178571429
0 0.4818349732142857 0.13392857142857142 0.48799261160714286 0.16009852232142857 0.49568965625 0.17395320089285712 0.5064655178571429 0.16471675 0.5064655178571429 0.023091133928571428 0.4926108392857143 0.04310344642857143 0.48645320089285715 0.073891625 0.48337438392857146 0.10314039285714285 0.4818349732142857 0.13392857142857142
0 0.5080049241071428 0.20628079017857143 0.47105911160714287 0.20935960714285715 0.47105911160714287 0.33251231696428574 0.5080049241071428 0.3340517232142857 0.5080049241071428 0.20628079017857143
0 0.4525862053571429 0.3001847276785714 0.40794334821428574 0.29710591071428566 0.4017857142857143 0.3556034464285714 0.45104679910714285 0.35714285714285715 0.4525862053571429 0.3001847276785714
0 0.6773399017857143 0.21243842410714286 0.6080665044642857 0.21397783035714285 0.6096059107142857 0.32327586160714283 0.6773399017857143 0.32327586160714283 0.6773399017857143 0.21243842410714286
0 0.6096059107142857 0.37253694642857144 0.6173029553571429 0.3894704419642857 0.6373152723214286 0.39562808035714286 0.6511699508928571 0.38639162499999996 0.6527093616071429 0.36945812946428574 0.6496305401785715 0.3556034464285714 0.6311576339285715 0.34482758482142856 0.6188423660714285 0.3463669955357143 0.6111453214285715 0.3556034464285714 0.6096059107142857 0.37253694642857144
0 0.6881157633928572 0.3417487678571428 0.6634852232142857 0.3417487678571428 0.6650246294642858 0.39408866964285716 0.6865763526785714 0.3925492589285714 0.6881157633928572 0.3417487678571428
0 0.7789408883928571 0.26169950892857147 0.69735221875 0.2601600982142857 0.698891625 0.403325125 0.7774014776785715 0.403325125 0.7789408883928571 0.26169950892857147
0 0.7296798035714286 0.19088670089285714 0.6911945803571429 0.1893472901785714 0.6927339910714286 0.2509236473214286 0.7327586205357143 0.2555418705357143 0.7296798035714286 0.19088670089285714
0 0.7820197053571428 0.22475369642857143 0.7604679821428572 0.22629310267857145 0.7589285714285714 0.24784482589285714 0.7820197053571428 0.24630541964285715 0.7820197053571428 0.22475369642857143
0 0.7589285714285714 0.19242610714285716 0.7435344821428572 0.19396551785714286 0.7419950758928572 0.21397783035714285 0.7573891607142856 0.21243842410714286 0.7589285714285714 0.19242610714285716
0 0.7981271785714286 0.3636759598214286 0.7828832767857143 0.3636759598214286 0.7828832767857143 0.38871951339285715 0.7970383258928572 0.38654181249999997 0.7981271785714286 0.3636759598214286
0 0.8620689642857142 0.3463669955357143 0.8066502455357142 0.34482758482142856 0.8066502455357142 0.403325125 0.8620689642857142 0.403325125 0.8620689642857142 0.3463669955357143
0 0.7970383258928572 0.3408101026785714 0.7970383258928572 0.32992160267857146 0.7970383258928572 0.32012195089285717 0.7828832767857143 0.31358884821428573 0.7817944241071428 0.33645470535714284 0.7861498258928572 0.34298780357142855 0.7970383258928572 0.3408101026785714
0 0.8620689642857142 0.2724753705357143 0.8081896562499999 0.2724753705357143 0.8051108392857144 0.33251231696428574 0.8605295580357143 0.3340517232142857 0.8620689642857142 0.2724753705357143
0 0.863608375 0.20320196875 0.8066502455357142 0.2016625625 0.8081896562499999 0.2601600982142857 0.8605295580357143 0.2586206875 0.863608375 0.20320196875
0 0.9159482767857143 0.2740147767857143 0.8697660089285714 0.27709359821428575 0.8682266026785713 0.3263546785714286 0.9174876830357144 0.32943349553571427 0.9159482767857143 0.2740147767857143
0 0.9067118214285713 0.20320196875 0.88208128125 0.2047413794642857 0.8836206875 0.2555418705357143 0.9067118214285713 0.25708128125 0.9067118214285713 0.20320196875
0 0.7981271785714286 0.27765679464285714 0.7872386741071429 0.2765679464285714 0.7872386741071429 0.2939895491071428 0.7981271785714286 0.2939895491071428 0.7981271785714286 0.27765679464285714
0 0.9081010446428571 0.3778310089285714 0.8961236919642858 0.37891986160714286 0.8939459910714286 0.3996080133928572 0.9081010446428571 0.4017857142857143 0.9081010446428571 0.3778310089285714
0 0.8863240401785715 0.3582317053571429 0.8743466919642857 0.3582317053571429 0.8743466919642857 0.3832752633928571 0.8863240401785715 0.3832752633928571 0.8863240401785715 0.3582317053571429
0 0.8917682946428572 0.36149825892857146 0.9004790937499999 0.3636759598214286 0.9081010446428571 0.3582317053571429 0.9091898973214285 0.3462543571428571 0.9015679464285714 0.3408101026785714 0.8885017410714287 0.3418989553571428 0.8863240401785715 0.34952090625 0.8917682946428572 0.36149825892857146