0 0.16831540178571427 0.2734994375 0.15815812499999998 0.26626929910714286 0.12087838392857143 0.25797169642857143 0.10749025 0.3268476607142857 0.10993824107142858 0.33047695982142855 0.15045351339285715 0.33835233035714285 0.15650234375 0.33427234375 0.16831540178571427 0.2734994375
0 0.07586556696428572 0.3164958392857143 0.059630999999999997 0.30808439732142856 0.03613783035714286 0.30456894196428574 0.023537236607142856 0.369393375 0.025985232142857143 0.37302267410714285 0.06042321428571429 0.37971674107142855 0.06484004910714286 0.37321721874999997 0.07586556696428572 0.3164958392857143
0 0.0070274196428571425 0.4597367410714286 0.024021066964285714 0.45883536607142855 0.048330227678571425 0.46356058482142853 0.054379062500000006 0.4594805982142857 0.05876743303571429 0.4477197857142857 0.0650108125 0.4047849776785714 0.06256282142857143 0.4011556830357143 0.01760225 0.3945185357142857 0.013579183035714286 0.3989922946428571 0.0009216696428571428 0.4532941428571428 0.0070274196428571425 0.4597367410714286
0 0.1678218214285714 0.4815316339285714 0.1719018125 0.48758046875 0.18000486607142857 0.48915554464285715 0.1909212232142857 0.48707286160714286 0.23424979464285714 0.49129046875 0.2427181607142857 0.4855784910714286 0.26949442410714286 0.34782655803571433 0.2670464285714286 0.34419726339285717 0.22084763392857143 0.33311482142857146 0.20059000000000002 0.3291771339285714 0.19696069642857145 0.331625125 0.1678218214285714 0.4815316339285714
0 0.3162339642857143 0.45887357589285716 0.31986326339285714 0.4564255848214286 0.3332513928571429 0.38754961607142857 0.28584283035714286 0.37728317410714285 0.27085116517857144 0.4490009017857143 0.3162339642857143 0.45887357589285716
0 0.22420636160714286 0.5051055089285714 0.22175836607142857 0.5014762098214286 0.1865328482142857 0.49883366964285714 0.18290354910714288 0.5012816651785714 0.17702548214285715 0.5369294107142857 0.2057799419642857 0.54041640625 0.2179060625 0.5375177276785714 0.22420636160714286 0.5051055089285714
0 0.27985559821428574 0.4675696205357143 0.27198022767857144 0.5080848928571429 0.27442821875 0.5117141919642857 0.29710538839285716 0.5140198839285715 0.3007346875 0.5115718928571429 0.3082162901785714 0.4730823794642857 0.27985559821428574 0.4675696205357143
0 0.336567625 0.3272273973214285 0.33248763839285717 0.3211785714285714 0.3061527098214286 0.3160595803571429 0.2954925 0.3654939017857143 0.29794049107142856 0.36912320089285716 0.32224965624999996 0.37384842410714286 0.3290860223214286 0.36571690625 0.336567625 0.3272273973214285
0 0.3850198705357143 0.3807939553571429 0.3809398794642857 0.374745125 0.35499872321428566 0.3676003705357143 0.35136942410714284 0.3700483616071429 0.3415252098214286 0.4206924553571429 0.34560519642857146 0.42674128125 0.37233389285714286 0.42983451339285716 0.3850198705357143 0.3807939553571429
0 0.3659482142857143 0.4464628482142857 0.3635002232142857 0.44283355357142856 0.34082305357142856 0.44052786160714286 0.3285877678571429 0.49806523660714286 0.3326677544642857 0.5041140714285715 0.34926763392857146 0.5052384598214286 0.35492269642857144 0.5031842276785714 0.3659482142857143 0.4464628482142857
0 0.8155254419642857 0.5075730044642858 0.8191547410714285 0.5051250089285715 0.8507700714285714 0.3641090892857143 0.8483220714285714 0.3604797946428571 0.8134903258928572 0.35581149107142857 0.7450650491071429 0.3509201830357143 0.7414357544642857 0.35336817857142855 0.7117892678571429 0.4842552767857143 0.7142372633928572 0.48788457589285716 0.8155254419642857 0.5075730044642858
0 0.16016367410714286 0.3567268303571428 0.10556684375 0.3477712723214286 0.09368345535714286 0.3918570625 0.13328961607142858 0.40121270982142854 0.13085160714285712 0.4222796607142857 0.1452215580357143 0.42507289732142856 0.16016367410714286 0.3567268303571428