0 0.72654078125 0.09392241517857143 0.5524609821428571 0.17292471875 0.5461316964285714 0.18694204464285713 0.5544589732142857 0.27616182589285715 0.5453756160714286 0.29559278125 0.5530270803571429 0.3900808794642857 0.7571323839285714 0.3820737098214286 0.75839046875 0.0864742142857143 0.72654078125 0.09392241517857143
0 0.9834856562500001 0.24637351339285712 0.9462833526785713 0.2498070089285714 0.9332833125000001 0.25802553125 0.9369164642857143 0.3099819955357143 0.9445536830357143 0.3146689955357143 0.9879038303571429 0.30955634375 0.9834856562500001 0.24637351339285712
0 0.9209875714285715 0.4405779285714286 0.9243229508928571 0.44347732589285715 0.9452508616071428 0.44410232589285714 0.9785029955357143 0.44177711160714284 0.9849776071428572 0.42983804910714285 0.985166625 0.40267536160714285 0.9918810758928572 0.37923321428571427 0.99071846875 0.36260714732142857 0.9830812499999999 0.35792014285714285 0.92281175 0.36213459375 0.9199123526785715 0.3654699732142857 0.9209875714285715 0.4405779285714286
0 0.9089682410714286 0.53748575 0.9123544375 0.55604475 0.962138125 0.5661382678571428 0.9744623482142857 0.5631880535714285 0.97736175 0.5598526785714285 0.9844542366071429 0.4820851607142857 0.9725151785714286 0.4756105446428571 0.9138879642857143 0.4734448973214286 0.9099275848214285 0.49147341071428574 0.9121074776785714 0.5226472901785714 0.9089682410714286 0.53748575
0 1 0.6198610758928572 0.9979116205357144 0.6148030446428571 0.9831676696428572 0.5980824732142856 0.9527641160714285 0.5814127098214286 0.9337691383928571 0.578564125 0.9092660133928572 0.5865428125000001 0.8965566294642857 0.5989178526785714 0.8913391383928572 0.6139016428571429 0.8881998973214286 0.6287400982142858 0.8908594642857143 0.6369078080357143 0.9064245535714285 0.6504383348214285 0.9070058571428571 0.6587513660714286 0.93006284375 0.6748906428571428 0.9699857276785714 0.6783642232142857 0.9903323348214286 0.6706761875 1 0.6595548169642856 1 0.6198610758928572
0 0.3336435803571428 0.3643116741071429 0.3153961026785714 0.36229557142857144 0.31955407142857145 0.39821782589285715 0.33734338839285716 0.3936817857142857 0.3336435803571428 0.3643116741071429
0 0.30777833928571424 0.3174282544642857 0.30913708928571426 0.3517921830357143 0.31247246874999995 0.3546915803571428 0.3311767946428571 0.3533836473214286 0.33407619196428573 0.3500482723214286 0.32967271428571426 0.3169414598214286 0.30777833928571424 0.3174282544642857
0 0.26340828125 0.31008881250000003 0.23431266517857144 0.31212337500000004 0.22363071874999998 0.30869348214285713 0.20507171875 0.3120796785714286 0.20217232142857142 0.31541505357142857 0.20580546875 0.36737151785714284 0.215484375 0.44605468303571427 0.22519985714285715 0.4505963660714286 0.25163590625 0.44039409375 0.2764296830357143 0.43657191964285713 0.28532402232142856 0.4443036517857143 0.2892843973214286 0.42627513839285713 0.2871045089285714 0.39510126339285717 0.2783991919642857 0.3602068482142857 0.2752020178571429 0.3144851607142857 0.26340828125 0.31008881250000003
0 0.16187138839285714 0.36626684375 0.16448725892857144 0.4036754955357143 0.19469466964285714 0.40260740178571425 0.19759406696428572 0.39927202232142855 0.19526885267857144 0.36601988839285715 0.19193347767857144 0.36312048660714286 0.16187138839285714 0.36626684375
0 0.3169267544642857 0.40345799107142855 0.3174643616071428 0.4410119732142857 0.3271798392857143 0.4455536473214286 0.34109553125000003 0.42056373214285714 0.34230183482142856 0.40794885714285717 0.3386758080357143 0.4008929375 0.3169267544642857 0.40345799107142855
0 0.49164579017857146 0.3933288660714286 0.4867047053571429 0.32266808035714284 0.46229609375 0.31706542410714283 0.45939669196428573 0.32040079910714286 0.46685201339285715 0.3971510357142857 0.4701873928571429 0.4000504375 0.48473520089285715 0.3990331517857143 0.49164579017857146 0.3933288660714286