0 0.20628079017857143 0.23091133035714287 0.14624384375 0.23091133035714287 0.15240147767857143 0.2786330044642857 0.20628079017857143 0.27709359821428575 0.20628079017857143 0.23091133035714287
0 0.32327586160714283 0.19550492410714287 0.2724753705357143 0.19550492410714287 0.2755541875 0.24014778125 0.32327586160714283 0.238608375 0.32327586160714283 0.19550492410714287
0 0.33097290625 0.2740147767857143 0.26785714285714285 0.2755541875 0.26939655357142855 0.31403941071428576 0.33097290625 0.31096058928571424 0.33097290625 0.2740147767857143
0 0.3371305401785714 0.3586822678571429 0.26939655357142855 0.36022167410714284 0.2740147767857143 0.40486453125 0.3402093616071428 0.40486453125 0.3371305401785714 0.3586822678571429
0 0.4941502455357143 0.2047413794642857 0.40486453125 0.20935960714285715 0.40794334821428574 0.25708128125 0.4941502455357143 0.25708128125 0.4941502455357143 0.2047413794642857
0 0.4802955669642857 0.3340517232142857 0.42333743749999997 0.3340517232142857 0.4264162544642857 0.3756157633928571 0.4802955669642857 0.3756157633928571 0.4802955669642857 0.3340517232142857
0 0.6665640401785715 0.18780788392857145 0.5726600982142857 0.1893472901785714 0.5757389151785715 0.238608375 0.6665640401785715 0.238608375 0.6665640401785715 0.18780788392857145
0 0.6496305401785715 0.2709359598214286 0.5895935982142857 0.26939655357142855 0.5849753705357142 0.31403941071428576 0.6496305401785715 0.31403941071428576 0.6496305401785715 0.2709359598214286
0 0.6665640401785715 0.35252462946428575 0.5711206875 0.3540640401785714 0.5741995089285714 0.4017857142857143 0.6650246294642858 0.40024630357142854 0.6665640401785715 0.35252462946428575
0 0.8066502455357142 0.20628079017857143 0.7543103437500001 0.20782019642857144 0.7527709375 0.25708128125 0.8081896562499999 0.25708128125 0.8066502455357142 0.20628079017857143
0 0.8066502455357142 0.33097290625 0.7527709375 0.33251231696428574 0.7589285714285714 0.3756157633928571 0.8097290625 0.3786945803571428 0.8066502455357142 0.33097290625
0 0.9729064017857143 0.2601600982142857 0.9005541875 0.2555418705357143 0.9005541875 0.31096058928571424 0.9713669955357143 0.31403941071428576 0.9729064017857143 0.2601600982142857
0 0.9559729062500001 0.19550492410714287 0.9159482767857143 0.19088670089285714 0.9174876830357144 0.22321428571428573 0.9513546785714285 0.22321428571428573 0.9559729062500001 0.19550492410714287
0 0.9621305401785715 0.3386699508928572 0.8913177321428571 0.3402093616071428 0.8913177321428571 0.4064039419642857 0.9605911339285714 0.4064039419642857 0.9621305401785715 0.3386699508928572