0 0.28018072767857144 0.09625494642857144 0.1450455044642857 0.05921665178571429 0.12093499553571428 0.18047092857142857 0.24435674107142855 0.21003079910714287 0.28018072767857144 0.09625494642857144
0 0.33229987499999997 0.21874638839285715 0.27695300892857144 0.20531916964285715 0.2633873839285714 0.24567066517857142 0.3231690758928571 0.26170342410714287 0.33229987499999997 0.21874638839285715
0 0.34139216071428574 0.15250079910714284 0.29024183035714285 0.13497693303571429 0.2790819642857143 0.18747997321428572 0.33090865178571427 0.20182184374999998 0.34139216071428574 0.15250079910714284
0 0.21651061607142857 0.27062724553571427 0.18059394642857143 0.25966715625000003 0.1638463169642857 0.2993423035714286 0.2087325267857143 0.30722028124999995 0.21651061607142857 0.27062724553571427
0 0.33283063392857143 0.33359814732142856 0.23418855357142856 0.31263112499999995 0.20882521874999999 0.43195621875 0.30303247321428567 0.45031770982142855 0.33283063392857143 0.33359814732142856
0 0.09510798214285714 0 0.04802429910714286 0.22151131249999997 0.08716293303571429 0.22983048660714284 0.12992004464285714 0 0.09510798214285714 0
0 0.5604509017857143 0.2406352544642857 0.5114680446428571 0.2285607455357143 0.49901683482142856 0.2558460580357143 0.5264405491071429 0.28329262946428574 0.5170100892857142 0.3511292142857143 0.5361021026785714 0.3551873482142857 0.5604509017857143 0.2406352544642857
0 0.5740093303571429 0.33331288392857145 0.5466241339285715 0.32915485714285714 0.5361406205357143 0.37847590178571433 0.56444046875 0.3861541026785714 0.5740093303571429 0.33331288392857145
0 0.5539184419642857 0.4121865892857143 0.5233512410714286 0.40735221875 0.5163493928571429 0.4324700580357143 0.5477313526785714 0.4491178035714286 0.5539184419642857 0.4121865892857143
0 0.6747261919642857 0.2349933214285714 0.6069894910714285 0.21726967410714287 0.5795200625 0.29956367410714285 0.65487359375 0.3205692142857143 0.6747261919642857 0.2349933214285714
0 0.6414078526785714 0.35262753571428573 0.5911721651785714 0.33862383482142855 0.56215025 0.44386821875 0.619088125 0.45763361160714283 0.6414078526785714 0.35262753571428573
0 0.72026590625 0.29455958035714286 0.6801526964285715 0.28769614285714284 0.6601616919642856 0.3582766607142857 0.7017660178571428 0.3737714642857143 0.72026590625 0.29455958035714286
0 0.7376513750000001 0.22841388392857143 0.703663875 0.21620096875 0.6919275446428571 0.26359282589285715 0.7278442187499999 0.27455291964285716 0.7376513750000001 0.22841388392857143
0 0.70816853125 0.3984127321428571 0.6461194821428571 0.3852237991071429 0.6326922633928571 0.4405706651785714 0.6988379642857143 0.45795613392857143 0.70816853125 0.3984127321428571
0 0.8244800892857143 0.25019566071428573 0.7558287410714285 0.22895183035714287 0.7118884910714286 0.3809117142857143 0.7792870133928572 0.40022636160714287 0.8244800892857143 0.25019566071428573
0 0.7449769955357143 0.46776329017857143 0.7767970267857143 0.47452684375000004 0.7857280491071429 0.4481561785714286 0.7717472142857142 0.4435215758928571 0.779187125 0.4085195491071429 0.7215729017857143 0.39793615625 0.7031729017857142 0.46885485267857147 0.7359075714285714 0.4791385892857143 0.7449769955357143 0.46776329017857143
0 0.8488373482142857 0.34683153125 0.8106533169642857 0.33871526785714284 0.7936060312500001 0.40326996428571427 0.8285081651785714 0.4190030580357143 0.8488373482142857 0.34683153125
0 0.7826230758928572 0.4940569285714286 0.8020532723214285 0.4965240580357143 0.79897115625 0.4875545178571428 0.8131132455357143 0.4523142008928572 0.7920920535714285 0.4495088883928572 0.7826230758928572 0.4940569285714286