0 0.22629310267857145 0.5418719196428572 0.22937191964285714 0.3910098526785714 0.11699507589285715 0.3248152723214286 0.1108374375 0.5341748749999999 0.12161329910714284 0.5634236473214286 0.22629310267857145 0.5418719196428572
0 0.6773399017857143 0.23091133035714287 0.6527093616071429 0.24784482589285714 0.6604064017857143 0.29248768303571426 0.6773399017857143 0.27709359821428575 0.6773399017857143 0.23091133035714287
0 0.7158251250000001 0.22937191964285714 0.6881157633928572 0.2509236473214286 0.6911945803571429 0.32173645535714285 0.7204433482142857 0.30480295535714286 0.7158251250000001 0.22937191964285714
0 0.6696428571428571 0.33559113392857143 0.6403940892857143 0.3494458125 0.6419334955357143 0.4171798035714286 0.6696428571428571 0.40794334821428574 0.6696428571428571 0.33559113392857143
0 0.7481527098214286 0.3171182276785714 0.7266009866071429 0.32789408928571434 0.7296798035714286 0.38485221875 0.7512315267857143 0.3756157633928571 0.7481527098214286 0.3171182276785714
0 0.8589901473214285 0.09852216964285714 0.7681650267857142 0.17241379464285717 0.77124384375 0.25708128125 0.8620689642857142 0.2016625625 0.8589901473214285 0.09852216964285714
0 0.8266625625 0.2586206875 0.7943349732142858 0.2740147767857143 0.7974137946428571 0.3078817723214286 0.8251231517857143 0.29248768303571426 0.8266625625 0.2586206875
0 0.8974753705357142 0.21089901339285716 0.8466748749999999 0.238608375 0.8528325133928571 0.31403941071428576 0.8943965535714286 0.3001847276785714 0.8974753705357142 0.21089901339285716
0 0.9975369464285714 0.06773399107142856 0.9451970446428571 0.09852216964285714 0.9482758616071428 0.24014778125 1 0.21551724107142856 0.9975369464285714 0.06773399107142856
0 0.8282019687500001 0.5772783258928572 0.9174876830357144 0.5942118214285713 0.9205665044642857 0.6126847276785714 0.9744458125 0.6234605892857142 0.9790640401785715 0.32943349553571427 0.7804802946428572 0.3879310357142857 0.7789408883928571 0.5818965535714286 0.8220443348214286 0.5911330044642857 0.8282019687500001 0.5772783258928572
0 0.8589901473214285 0.7189039419642856 0.8866995089285714 0.7250615758928571 0.8897783258928572 0.6911945803571429 0.9082512321428571 0.6911945803571429 0.9174876830357144 0.5942118214285713 0.8266625625 0.5803571428571429 0.8143472901785714 0.6311576339285715 0.8574507410714285 0.6542487678571429 0.8589901473214285 0.7189039419642856