0 0.2170566517857143 0.17395320089285712 0.08466748660714285 0.16625615625 0.08620689732142858 0.28325123214285713 0.20628079017857143 0.2863300491071428 0.2170566517857143 0.17395320089285712
0 0.28940886607142857 0.27709359821428575 0.23552955803571426 0.2755541875 0.23091133035714287 0.31557881696428575 0.28940886607142857 0.31865763392857144 0.28940886607142857 0.27709359821428575
0 0.2847906383928572 0.21397783035714285 0.23399014732142856 0.20782019642857144 0.23399014732142856 0.2586206875 0.2847906383928572 0.26169950892857147 0.2847906383928572 0.21397783035714285
0 0.19242610714285716 0.34790640178571425 0.15701970535714288 0.34482758482142856 0.1493226607142857 0.38485221875 0.19242610714285716 0.3833128080357143 0.19242610714285716 0.34790640178571425
0 0.3125 0.3833128080357143 0.2170566517857143 0.3833128080357143 0.2170566517857143 0.4987684732142857 0.3078817723214286 0.49722906250000004 0.3125 0.3833128080357143
0 0.05695812946428571 0.03386699553571428 0.0015394107142857143 0.03386699553571428 0.0015394107142857143 0.33559113392857143 0.06465517410714286 0.33559113392857143 0.05695812946428571 0.03386699553571428
0 0.48645320089285715 0.3633004910714286 0.5049261071428571 0.3633004910714286 0.5049261071428571 0.25246305357142856 0.4572044330357143 0.2509236473214286 0.45104679910714285 0.2786330044642857 0.4818349732142857 0.2986453214285714 0.48645320089285715 0.3633004910714286
0 0.5357142857142857 0.33559113392857143 0.5095443348214286 0.3371305401785714 0.5095443348214286 0.38485221875 0.5372536964285715 0.38639162499999996 0.5357142857142857 0.33559113392857143
0 0.53263546875 0.41256157589285714 0.5033867008928572 0.4141009866071429 0.5018472901785714 0.4387315267857143 0.5341748749999999 0.44796798214285716 0.53263546875 0.41256157589285714
0 0.6096059107142857 0.22475369642857143 0.5434113303571428 0.221674875 0.5341748749999999 0.30326354464285715 0.6080665044642857 0.3078817723214286 0.6096059107142857 0.22475369642857143
0 0.6019088660714286 0.3402093616071428 0.55264778125 0.3371305401785714 0.5464901473214285 0.44027093749999996 0.6019088660714286 0.44181034375 0.6019088660714286 0.3402093616071428
0 0.6634852232142857 0.2709359598214286 0.625 0.2724753705357143 0.6203817723214285 0.3417487678571428 0.6619458125 0.34790640178571425 0.6634852232142857 0.2709359598214286
0 0.6665640401785715 0.20628079017857143 0.6326970446428571 0.2016625625 0.6311576339285715 0.24784482589285714 0.6665640401785715 0.2509236473214286 0.6665640401785715 0.20628079017857143
0 0.6727216741071428 0.36945812946428574 0.6126847276785714 0.36945812946428574 0.6111453214285715 0.42333743749999997 0.6758004910714286 0.4264162544642857 0.6727216741071428 0.36945812946428574
0 0.7512315267857143 0.20935960714285715 0.6834975357142856 0.20320196875 0.6727216741071428 0.35252462946428575 0.7389162544642858 0.35714285714285715 0.7512315267857143 0.20935960714285715
0 0.7204433482142857 0.4264162544642857 0.7512315267857143 0.4264162544642857 0.7543103437500001 0.40024630357142854 0.7404556651785714 0.39870689732142855 0.7404556651785714 0.3648399017857143 0.6850369464285714 0.3663793125 0.6819581294642857 0.43565270982142856 0.7142857142857143 0.4387315267857143 0.7204433482142857 0.4264162544642857
0 0.7927955669642858 0.29402709375 0.7558497544642858 0.29402709375 0.7527709375 0.35714285714285715 0.7881773392857143 0.3648399017857143 0.7927955669642858 0.29402709375
0 0.7743226607142857 0.43411329910714286 0.7804802946428572 0.39870689732142855 0.7604679821428572 0.40024630357142854 0.7604679821428572 0.4433497544642857 0.7789408883928571 0.44181034375 0.7743226607142857 0.43411329910714286