0 0.10166800446428571 0.2744667366071429 0.03670445982142857 0.2837633035714286 0.051687906250000006 0.3438586205357143 0.11421733035714286 0.33171861160714283 0.10166800446428571 0.2744667366071429
0 0.13489638839285714 0.3731422053571429 0.045569874999999996 0.38851314285714283 0.05892038839285714 0.46281691517857143 0.15028041964285713 0.4417634642857143 0.13489638839285714 0.3731422053571429
0 0.7537288214285713 0.19814796875000001 0.7139337946428571 0.2115203125 0.7329799151785714 0.26715236160714284 0.7691172232142858 0.25986747767857143 0.7537288214285713 0.19814796875000001
0 0.72615675 0.14291651339285716 0.7066663794642858 0.14777600892857143 0.716381 0.19365849999999998 0.7370906160714286 0.18676985714285713 0.72615675 0.14291651339285716
0 0.7983440491071429 0.26638173660714287 0.7723568883928572 0.2728610625 0.7759971383928572 0.2943805892857143 0.8007650669642857 0.2899304196428571 0.8056245625 0.3094207901785714 0.8100922008928572 0.30658171875 0.7983440491071429 0.26638173660714287
0 0.8089471785714286 0.19128114285714284 0.7687471874999999 0.20302929464285713 0.7841443303571428 0.2509453080357143 0.8210959196428572 0.24000707589285714 0.8089471785714286 0.19128114285714284
0 0.7663611026785714 0.12426662053571429 0.7395596517857143 0.13439929910714285 0.75333259375 0.1827202767857143 0.7785098392857143 0.17299254464285713 0.7663611026785714 0.12426662053571429
0 0.804936888392857 0.11292342857142858 0.7781354419642856 0.12305610714285715 0.7967809732142858 0.17016220982142857 0.8195197410714286 0.16449279464285715 0.804936888392857 0.11292342857142858
0 0.8702617321428571 0.17426854464285715 0.8357486205357143 0.18114846428571427 0.8527655848214285 0.2355612723214286 0.8828110669642857 0.23152041964285713 0.8702617321428571 0.17426854464285715
0 0.8447275491071429 0.10645283035714286 0.82483221875 0.10968813392857144 0.8333319732142856 0.15069803125 0.8576949374999999 0.1446236607142857 0.8447275491071429 0.10645283035714286
0 0.7979216339285714 0.29236453125 0.7650327142857142 0.2988394955357143 0.7711070848214286 0.3232024598214286 0.8035910446428571 0.31510329910714285 0.7979216339285714 0.29236453125
0 0.8336627098214285 0.2696519598214286 0.8109239419642857 0.275321375 0.8202423392857143 0.3057761696428571 0.8433860669642856 0.30173095982142856 0.8336627098214285 0.2696519598214286