0 0.09368296875000001 0 0.08064979464285714 0.06354255357142857 0.19280758928571426 0.083319 0.20869508928571429 0 0.09368296875000001 0
0 0.17961948660714286 0.13078514285714285 0.06278845089285714 0.11018467857142857 0.04328667857142857 0.22078472767857144 0.15361205357142857 0.2418442455357143 0.17961948660714286 0.13078514285714285
0 0.2725984419642857 0 0.2312171339285714 0.20252419642857142 0.2568748169642857 0.21186687946428573 0.2533040714285714 0.2321175892857143 0.3704097767857143 0.25116030803571426 0.41784185714285715 0 0.2725984419642857 0
0 0.5540956205357143 0.020135656249999998 0.45311673214285714 0.0007241741071428571 0.40669321428571426 0.23667772321428573 0.5105129285714286 0.25819629910714287 0.5540956205357143 0.020135656249999998
0 0.5567672723214285 0.12340221875 0.5583288258928572 0.15098261607142857 0.5636455044642857 0.16637570535714286 0.5761977723214285 0.15895193303571428 0.6014676741071429 0.015639191964285714 0.5838772053571428 0.033417848214285714 0.5721527544642857 0.0634740982142857 0.5638184776785714 0.09252195089285715 0.5567672723214285 0.12340221875
0 0.5703393482142857 0.20128578125 0.5324040714285714 0.197809125 0.5104302410714286 0.3224288928571429 0.5475415 0.33057879017857145 0.5703393482142857 0.20128578125
0 0.49750540625 0.28642012499999997 0.45288008482142855 0.2753391205357143 0.43621153125 0.33343482142857145 0.48578476785714286 0.34378210267857146 0.49750540625 0.28642012499999997
0 0.7405928482142857 0.23773077678571428 0.6702195535714285 0.22692824553571428 0.6522755223214285 0.33780296428571427 0.7208164017857143 0.34988857142857144 0.7405928482142857 0.23773077678571428
0 0.6480651428571429 0.37079033035714287 0.6434859910714286 0.3876508794642857 0.6482533303571428 0.4061594598214286 0.6674053482142857 0.41596120089285715 0.6830731116071428 0.4090867678571429 0.6876522633928571 0.3922262232142857 0.6870088214285713 0.3776571517857143 0.6702385669642857 0.3634568482142857 0.6575019151785714 0.3628172142857143 0.6480651428571429 0.37079033035714287
0 0.7284245535714285 0.3705042455357143 0.7035006071428571 0.3661094821428571 0.69571946875 0.4193475580357143 0.717802607142857 0.4216352276785714 0.7284245535714285 0.3705042455357143
0 0.8346146294642857 0.3057070982142857 0.7523287008928571 0.28959168750000003 0.7283418705357143 0.43473684821428576 0.8077869776785714 0.44874516517857144 0.8346146294642857 0.3057070982142857
0 0.7974016696428572 0.22526119642857143 0.7587326651785714 0.216836625 0.7493034955357143 0.2794211875 0.78898090625 0.29123591964285717 0.7974016696428572 0.22526119642857143
0 0.8443222678571428 0.26887051339285717 0.8222391383928571 0.2665828348214286 0.8168359687500001 0.28811662499999996 0.8404768482142858 0.2906789732142857 0.8443222678571428 0.26887051339285717
0 0.8267241919642857 0.23203772767857142 0.8108720446428571 0.23084874553571427 0.8057435580357143 0.25082478571428574 0.8215956964285714 0.25201376785714286 0.8267241919642857 0.23203772767857142
0 0.8358340758928572 0.41232171428571424 0.8204085803571429 0.40960178125 0.8159401205357143 0.43494366964285713 0.8306523526785714 0.43526567410714284 0.8358340758928572 0.41232171428571424
0 0.90362596875 0.4062155223214286 0.8478217410714286 0.39476955357142857 0.8373841741071428 0.4539639464285714 0.8934630714285714 0.46385216964285714 0.90362596875 0.4062155223214286
0 0.8425034821428571 0.36805458035714284 0.8293454955357143 0.35891800446428573 0.8241637723214286 0.38186196875 0.8274053794642857 0.38925001785714286 0.8388121473214286 0.3889891785714286 0.8407549553571428 0.37797096875 0.8425034821428571 0.36805458035714284
0 0.9168102633928571 0.3314436607142857 0.8622891160714286 0.32183011160714287 0.8484613794642858 0.38203290625 0.9042656026785715 0.393478875 0.9168102633928571 0.3314436607142857
0 0.9307282946428571 0.26161970982142857 0.8733663169642857 0.24989907142857143 0.8644865 0.30936813392857143 0.9177245714285714 0.31714925892857143 0.9307282946428571 0.26161970982142857
0 0.9710567410714285 0.34261495535714287 0.9237749776785714 0.33749026785714287 0.9134277053571429 0.3870635044642857 0.962726263392857 0.39896852678571426 0.9710567410714285 0.34261495535714287
0 0.9743452098214286 0.26931054910714286 0.9491465848214286 0.2664735357142857 0.9416401205357143 0.3181538616071428 0.96473165625 0.32383170535714284 0.9743452098214286 0.26931054910714286
0 0.8511822589285715 0.32527783928571424 0.8403583258928571 0.32223320982142856 0.8372498348214286 0.3398623482142857 0.8482680446428572 0.34180515625 0.8511822589285715 0.32527783928571424
0 0.9445923616071428 0.4462677410714285 0.9322780446428572 0.4452324776785714 0.9263830669642857 0.46577851785714286 0.9403181830357142 0.4705078080357143 0.9445923616071428 0.4462677410714285
0 0.9260529910714286 0.42254934375000003 0.9139329642857142 0.4204122589285714 0.9094645044642856 0.44575414732142854 0.92158453125 0.44789123660714286 0.9260529910714286 0.42254934375000003
0 0.9394052633928572 0.43058410714285716 0.9480894151785714 0.4264349598214286 0.9513283258928571 0.4145092142857143 0.9445869866071428 0.4076401383928571 0.9311708482142856 0.4064105892857143 0.9276072366071428 0.41373478125 0.9309792544642858 0.42682621875 0.9394052633928572 0.43058410714285716