0 0.6484653080357142 0.46848098214285716 0.6359948169642857 0.46717028125 0.6338649285714286 0.4874348348214285 0.6494530446428571 0.4890732142857143 0.6484653080357142 0.46848098214285716
0 0.6288561071428571 0.4601158482142857 0.6084277142857143 0.45954476339285716 0.6094154508928572 0.48013699553571426 0.6300076785714286 0.4791492633928572 0.6288561071428571 0.4601158482142857
0 0.6313136741071429 0.43673366964285715 0.6126079330357143 0.43476761607142855 0.6122006919642857 0.4536371964285714 0.6313979464285715 0.4509268080357143 0.6313136741071429 0.43673366964285715
0 0.5996506339285714 0.46807845089285716 0.5870162991071428 0.46832656250000004 0.5874282455357143 0.4794020803571429 0.6002264196428572 0.47759515625 0.5996506339285714 0.46807845089285716
0 0.6019443616071428 0.44625508482142856 0.5894738660714286 0.44494438392857144 0.5861128392857143 0.46192747321428573 0.6018647946428571 0.46200704464285713 0.6019443616071428 0.44625508482142856
0 0.5796294821428571 0.44863778571428575 0.5619910401785714 0.4515120089285714 0.5595334732142857 0.4748941875 0.5785668883928572 0.4737426160714286 0.5796294821428571 0.44863778571428575
0 0.6311451339285714 0.40834737946428573 0.6186746339285715 0.40703667857142856 0.6140824732142857 0.42073831250000004 0.6298344285714286 0.420817875 0.6311451339285714 0.40834737946428573
0 0.6088302499999999 0.4107300892857143 0.5932421339285714 0.40909170982142856 0.5856166205357143 0.4366588125 0.6029273883928571 0.4369022142857143 0.6088302499999999 0.4107300892857143
0 0.5811835892857143 0.41885652678571433 0.5609190357142857 0.4167266383928571 0.5629740669642856 0.44215914285714286 0.5802848348214286 0.4424025446428571 0.5811835892857143 0.41885652678571433
0 0.6851371696428572 0.4644551875 0.6648726160714286 0.4623252991071429 0.6638100223214286 0.4874301294642857 0.6840745803571429 0.4895600223214286 0.6851371696428572 0.4644551875
0 0.6954683571428572 0.42614025 0.6606829866071429 0.42721225 0.6597842321428571 0.45075826785714285 0.6866117053571428 0.4504258839285714 0.6954683571428572 0.42614025
0 0.6540405 0.4454264776785714 0.6420615178571428 0.4394393482142857 0.6418181205357143 0.4567501116071429 0.6542886071428571 0.45806081249999997 0.6540405 0.4454264776785714
0 0.6559222767857144 0.4125275982142857 0.6420568125 0.40949424107142857 0.6411580580357142 0.43304025892857145 0.6536285491071429 0.4343509598214285 0.6559222767857144 0.4125275982142857
0 0.9216551919642857 0.41839280803571427 0.907134375 0.42159470089285717 0.8984462678571428 0.474266625 0.91280325 0.4726235401785714 0.9216551919642857 0.41839280803571427
0 0.45091287053571427 0.4886942098214285 0.42613572767857144 0.48451399553571434 0.42376242857142854 0.5220893169642857 0.44747228125 0.5214292589285715 0.45091287053571427 0.4886942098214285