0 0.6716492589285714 0.07062044196428571 0.5120713616071428 0.17588217857142857 0.5080127901785715 0.1907170401785714 0.53019459375 0.2775357142857143 0.5242627410714286 0.29814839285714284 0.5466011919642857 0.39027622767857145 0.7469410223214286 0.35043853571428574 0.7019416741071429 0.05828155803571428 0.6716492589285714 0.07062044196428571
0 0.9400472232142858 0.1833481919642857 0.9130721651785715 0.1902105267857143 0.9015178348214287 0.20036151785714287 0.9132340357142857 0.2511099598214286 0.9215104419642858 0.2545445357142857 0.9543493839285714 0.24529764732142856 0.9400472232142858 0.1833481919642857
0 0.9749258705357143 0.37477689285714283 0.9794530848214286 0.36197196875 0.9759709553571428 0.3389509642857143 0.9650246741071429 0.2915374196428572 0.9074614464285714 0.3048269375 0.9051195089285714 0.30857481696428574 0.9179309598214286 0.3825898705357143 0.9216788392857144 0.38493180357142853 0.9424468660714286 0.38227526339285717 0.9749258705357143 0.37477689285714283
0 0.9212193348214285 0.48018483482142854 0.9274671026785715 0.497985625 0.9782168526785714 0.5001669866071429 0.9899278303571428 0.49532516517857145 0.9922697633928571 0.49157728571428566 0.9871094151785714 0.4136577053571428 0.9743044866071429 0.40913049107142857 0.9160602857142858 0.4161628214285714 0.9149689553571428 0.43458890625 0.9219986741071429 0.4650379732142857 0.9212193348214285 0.48018483482142854
0 1 0.5269986830357143 0.9713476964285714 0.5167197946428571 0.9521409642857143 0.5168777544642857 0.92918765625 0.5285913437499999 0.918570625 0.5428022098214286 0.9157613482142857 0.55841771875 0.9149820133928571 0.5735645758928571 0.9188865401785715 0.5812156785714285 0.9363766383928571 0.5921447053571428 0.9382512321428571 0.6002644598214285 0.9635490848214285 0.6125981205357143 1 0.6100317232142858 1 0.5269986830357143
0 0.3258874821428571 0.3991434241071428 0.30754926785714287 0.4000066785714286 0.31727552678571425 0.43483621875 0.3341362321428571 0.4275731607142857 0.3258874821428571 0.3991434241071428
0 0.2930065 0.3568834330357143 0.2997242232142857 0.39061172767857144 0.30347210267857144 0.3929536607142857 0.32174154017857143 0.3887358303571428 0.3240834732142857 0.38498795089285714 0.3145551696428571 0.3529775982142857 0.2930065 0.3568834330357143
0 0.2480345669642857 0.35657535267857143 0.21961544196428573 0.3631364241071428 0.20852845982142856 0.36141979017857145 0.19072766964285712 0.3676675580357143 0.18838573214285712 0.3714154375 0.2001019330357143 0.4221638794642857 0.22197043303571426 0.49836421428571426 0.23227677232142857 0.5013301428571428 0.25679137053571427 0.4871179642857143 0.28068197767857145 0.4794642544642857 0.29067631696428575 0.4857094107142857 0.2917676517857143 0.46728332142857143 0.2847379330357143 0.4368342589285715 0.27068110267857143 0.4037312589285714 0.26037084821428574 0.3590726339285714 0.2480345669642857 0.35657535267857143
0 0.15653595089285716 0.4279456160714286 0.16497161160714285 0.4644844910714286 0.19464003125 0.45870406249999995 0.19698196428571427 0.4549561830357143 0.18948359374999998 0.4224771830357143 0.18573571875 0.42013524553571424 0.15653595089285716 0.4279456160714286
0 0.31550029910714283 0.440422875 0.3219060267857143 0.47743039732142856 0.33221236607142857 0.48039632589285713 0.34204744642857143 0.45353718303571433 0.3412654955357143 0.44088891071428576 0.3365803214285714 0.43448710267857144 0.31550029910714283 0.440422875
0 0.4864837098214286 0.4030863794642857 0.4705496741071428 0.3340684955357143 0.445565125 0.3323531696428571 0.44322319196428567 0.33610104464285717 0.46259310267857146 0.4107400892857143 0.46634098214285713 0.41308202232142854 0.4805505446428571 0.4098014866071429 0.4864837098214286 0.4030863794642857