0 0.06189058482142857 0.40018637500000004 0.026856004464285713 0.39538458035714286 0.0262111875 0.4599497901785714 0.06382220535714286 0.4582326428571429 0.06189058482142857 0.40018637500000004
0 0.2808820133928572 0.34955940178571426 0.2075533794642857 0.33866758482142856 0.21042214285714286 0.37145769642857146 0.2803546919642857 0.37949985714285717 0.2808820133928572 0.34955940178571426
0 0.4003486741071428 0.5641015267857143 0.4088976339285714 0.5539132767857142 0.4068485178571429 0.5304917723214285 0.3946890133928571 0.5173951205357142 0.37948449999999995 0.5234455 0.3812604017857143 0.5437441383928572 0.3877206026785714 0.5636329508928571 0.4003486741071428 0.5641015267857143
0 0.40593190625000003 0.46606316517857144 0.38094895982142857 0.4682488928571429 0.3836811160714286 0.4994775625 0.4102254866071428 0.4971552321428572 0.40593190625000003 0.46606316517857144
0 0.39728597767857143 0.42119141517857145 0.38526308035714285 0.4096561964285715 0.3756991205357143 0.4262267901785714 0.37849002232142853 0.44014308035714284 0.39010309375 0.4469939955357143 0.40021348660714284 0.43666914285714287 0.39728597767857143 0.42119141517857145
0 0.6247088660714286 0.3950009419642857 0.5940266205357142 0.40397883928571426 0.5978516383928572 0.4476989776785714 0.6289437053571428 0.4434053928571428 0.6247088660714286 0.3950009419642857
0 0.6202199151785714 0.37965982142857146 0.6713374107142858 0.37046746875 0.667180424107143 0.34093683482142856 0.6360883571428572 0.34523042410714283 0.6369080044642857 0.35459903125 0.5981453794642857 0.36113708928571425 0.5989062767857142 0.3878180669642857 0.6145206160714285 0.3864519910714286 0.6202199151785714 0.37965982142857146
0 0.6346812321428572 0.5089856071428571 0.6020277276785714 0.5134158035714286 0.6074141785714285 0.5569993392857143 0.6404775044642858 0.5572534419642857 0.6346812321428572 0.5089856071428571
0 0.6927274910714286 0.5070539866071428 0.6600739910714285 0.5114841830357143 0.6609127544642857 0.5570389776785715 0.6983871607142857 0.5537603928571428 0.6927274910714286 0.5070539866071428
0 0.6580057633928572 0.4518764910714285 0.6189699196428571 0.45529168303571427 0.6260544151785714 0.5003000446428572 0.6618307812499999 0.4955966294642857 0.6580057633928572 0.4518764910714285
0 0.68051065625 0.38539876785714283 0.6450075000000001 0.3932250401785714 0.6505305625000001 0.43837001339285714 0.6847454955357143 0.43380320982142856 0.68051065625 0.38539876785714283