0 0.146484375 0.4169921875 0.146484375 0.3583984375 0.1357421875 0.353515625 0.099609375 0.3525390625 0.099609375 0.4189453125 0.1025390625 0.421875 0.1416015625 0.421875 0.146484375 0.4169921875
0 0.068359375 0.4697265625 0.068359375 0.4150390625 0.0517578125 0.41015625 0.029296875 0.4111328125 0.029296875 0.4736328125 0.0322265625 0.4765625 0.0654296875 0.4765625 0.068359375 0.4697265625
0 0.0693359375 0.556640625 0.07421875 0.5517578125 0.076171875 0.5400390625 0.07421875 0.4990234375 0.0712890625 0.49609375 0.0283203125 0.498046875 0.025390625 0.5029296875 0.0234375 0.5556640625 0.0302734375 0.560546875 0.0458984375 0.556640625 0.0693359375 0.556640625
0 0.2060546875 0.552734375 0.2470703125 0.548828125 0.25390625 0.5419921875 0.25390625 0.4091796875 0.2509765625 0.40625 0.2060546875 0.404296875 0.1865234375 0.404296875 0.18359375 0.4072265625 0.18359375 0.5517578125 0.1884765625 0.556640625 0.1962890625 0.556640625 0.2060546875 0.552734375
0 0.3203125 0.4345703125 0.2744140625 0.43359375 0.2734375 0.5029296875 0.3173828125 0.50390625 0.3203125 0.5009765625 0.3203125 0.4345703125
0 0.240234375 0.5947265625 0.240234375 0.5634765625 0.2373046875 0.560546875 0.2041015625 0.564453125 0.201171875 0.5673828125 0.2021484375 0.6015625 0.2294921875 0.599609375 0.240234375 0.5947265625
0 0.3125 0.5556640625 0.3125 0.5185546875 0.28515625 0.5185546875 0.28515625 0.5576171875 0.2880859375 0.560546875 0.3095703125 0.55859375 0.3125 0.5556640625
0 0.3125 0.4150390625 0.3125 0.3779296875 0.3076171875 0.373046875 0.2822265625 0.373046875 0.28125 0.4208984375 0.2841796875 0.423828125 0.3076171875 0.423828125 0.3125 0.4150390625
0 0.3642578125 0.466796875 0.3671875 0.4189453125 0.3623046875 0.4140625 0.3369140625 0.412109375 0.333984375 0.4150390625 0.333984375 0.4638671875 0.3388671875 0.46875 0.3642578125 0.466796875
0 0.361328125 0.5380859375 0.361328125 0.4833984375 0.3583984375 0.48046875 0.3369140625 0.482421875 0.3359375 0.5380859375 0.3408203125 0.54296875 0.3564453125 0.541015625 0.361328125 0.5380859375
0 0.79296875 0.4560546875 0.796875 0.3193359375 0.7939453125 0.31640625 0.7607421875 0.318359375 0.6962890625 0.326171875 0.693359375 0.3291015625 0.689453125 0.4560546875 0.6923828125 0.458984375 0.7900390625 0.458984375 0.79296875 0.4560546875
0 0.13854679910714288 0.5033867008928572 0.15240147767857143 0.5033867008928572 0.15394088839285716 0.43719211607142855 0.10160098660714287 0.4387315267857143 0.09852216964285714 0.4818349732142857 0.13700738839285714 0.48337438392857146 0.13854679910714288 0.5033867008928572