0 0.38839285714285715 0.22098214285714285 0.08482142857142858 0.10714285714285714
0 0.48214285714285715 0.22098214285714285 0.078125 0.109375
0 0.3705357142857143 0.359375 0.09598214285714286 0.08705357142857142
0 0.484375 0.3794642857142857 0.03125 0.044642857142857144
0 0.5089285714285714 0.35714285714285715 0.05803571428571429 0.08928571428571429
0 0.7573891607142856 0.15855911160714284 0.7035098526785715 0.15855911160714284 0.706588669642857 0.23552955803571426 0.7558497544642858 0.23706896428571428 0.7573891607142856 0.15855911160714284
0 0.7008928571428571 0.20089285714285715 0.06473214285714286 0.06473214285714286
0 0.65625 0.32142857142857145 0.07366071428571429 0.09821428571428571
0 0.7544642857142857 0.35267857142857145 0.07366071428571429 0.09375
0 0.7008928571428571 0.3861607142857143 0.05580357142857143 0.04017857142857143
0 0.40625 0.38392857142857145 0.029017857142857144 0.03794642857142857