0 0.08143949107142857 0.2732667142857143 0.017206174107142858 0.28809614285714286 0.03558169642857143 0.3376324285714286 0.09284674553571429 0.3226769642857143 0.08143949107142857 0.2732667142857143
0 0.19786655357142857 0.20648714285714287 0.14351528125000002 0.2190351205357143 0.1578363080357143 0.26603787946428575 0.20851332589285715 0.252603375 0.19786655357142857 0.20648714285714287
0 0.22549392857142858 0.28858335267857144 0.15834683035714286 0.30582028125 0.16949988839285715 0.34661524553571427 0.23461973214285714 0.32811154910714285 0.22549392857142858 0.28858335267857144
0 0.25299525892857144 0.37764784375000005 0.18090714285714288 0.3960254866071429 0.19687517857142858 0.4426480044642857 0.2676965357142857 0.42629760714285714 0.25299525892857144 0.37764784375000005
0 0.3829659151785714 0.1741623526785714 0.28858016517857144 0.20115740624999998 0.3036616785714286 0.25145417857142854 0.3958941383928572 0.23016063839285714 0.3829659151785714 0.1741623526785714
0 0.40008315625 0.3159332232142857 0.3391438482142857 0.3300021696428571 0.3527043973214286 0.37371090625 0.4103496875 0.36040244642857144 0.40008315625 0.3159332232142857
0 0.5632481785714286 0.11345818303571428 0.46316091964285716 0.13829994196428572 0.47862266964285716 0.1902437232142857 0.57579615625 0.16780945535714284 0.5632481785714286 0.11345818303571428
0 0.5656641473214286 0.20657928571428572 0.5010505848214286 0.21976170982142856 0.5071365714285714 0.26866567410714287 0.5763109196428572 0.2526955178571429 0.5656641473214286 0.20657928571428572
0 0.6039340491071429 0.2896880580357143 0.5021997857142857 0.31491006250000003 0.5172812991071428 0.36520683035714285 0.6140745401785714 0.3411255580357143 0.6039340491071429 0.2896880580357143
0 0.7176888258928571 0.09862028125 0.6620707901785714 0.11319550446428571 0.6725915267857143 0.16628001339285717 0.7318838169642857 0.15259130803571427 0.7176888258928571 0.09862028125
0 0.7484884151785715 0.23202794642857144 0.691223375 0.24698341517857145 0.7084581741071428 0.2915786785714286 0.7635699285714285 0.28232471428571426 0.7484884151785715 0.23202794642857144
0 0.9088741785714286 0.11519945089285714 0.8303240714285715 0.1281297857142857 0.8440127767857143 0.18742208035714286 0.9205356339285714 0.17322498214285714 0.9088741785714286 0.11519945089285714
0 0.8747869330357142 0.050207758928571426 0.8308239955357143 0.055153026785714286 0.8404560758928571 0.08935995982142857 0.8766902589285713 0.08099463839285714 0.8747869330357142 0.050207758928571426
0 0.9167374553571428 0.2018585625 0.8413553169642858 0.2209966919642857 0.8577057142857143 0.29181804464285716 0.9318210892857143 0.2747071651785714 0.9167374553571428 0.2018585625