0 0.06859979464285713 0.3813929464285714 0.030913535714285713 0.3755559330357143 0.029003049107142857 0.44516234374999997 0.06959009375 0.44401867857142857 0.06859979464285713 0.3813929464285714
0 0.3056839151785714 0.33092523214285713 0.2268210580357143 0.3178008125 0.22929720089285713 0.3532112991071429 0.3045518080357143 0.3631991160714286 0.3056839151785714 0.33092523214285713
0 0.4304629419642857 0.5645074598214286 0.4398727589285714 0.5536827098214286 0.4381040848214286 0.5283895 0.4252393883928572 0.5140389553571428 0.40873098660714285 0.5202767098214286 0.4102638348214286 0.5421974910714286 0.4168553214285714 0.5637645357142856 0.4304629419642857 0.5645074598214286
0 0.43832835267857145 0.458901 0.4113489330357143 0.46078758482142856 0.41370716071428576 0.49451186160714283 0.44237279910714283 0.4925073660714286 0.43832835267857145 0.458901
0 0.4298502767857143 0.4103545401785714 0.4171034910714286 0.39769020982142855 0.4064791071428572 0.41537773214285717 0.4092265223214286 0.43043573660714285 0.42161957589285715 0.4380414285714286 0.43271561160714284 0.42709876785714285 0.4298502767857143 0.4103545401785714
0 0.6755658392857143 0.38639459821428573 0.6423132098214286 0.3954976830357143 0.6456147321428573 0.44271166964285713 0.6792210982142857 0.43866722321428575 0.6755658392857143 0.38639459821428573
0 0.6710142901785714 0.3697682767857143 0.7263056160714285 0.3608185625 0.7223790758928572 0.3288984151785714 0.6887727142857143 0.33294285267857143 0.6894801830357142 0.34306013839285715 0.6475606651785714 0.3493803526785714 0.6478789508928572 0.3781639017857143 0.6647410848214286 0.37698478571428573 0.6710142901785714 0.3697682767857143
0 0.6841733839285714 0.5094881964285715 0.6488807991071429 0.5136505580357144 0.6538685401785714 0.5607466294642858 0.6895148526785714 0.5616429151785715 0.6841733839285714 0.5094881964285715
0 0.746799111607143 0.5084979017857143 0.7115065357142857 0.5126602544642858 0.7115535401785714 0.56179628125 0.7520226696428571 0.5589664017857142 0.746799111607143 0.5084979017857143
0 0.7103983258928571 0.44834831696428573 0.6682429776785714 0.45129610267857145 0.6750348482142857 0.49996047767857144 0.7136998482142857 0.49556229464285717 0.7103983258928571 0.44834831696428573
0 0.7359157991071428 0.3770911428571429 0.6974866160714285 0.3848617455357143 0.7025922633928571 0.43364403125 0.7395710580357143 0.42936376785714286 0.7359157991071428 0.3770911428571429