0 0.14787804910714283 0.18787098214285716 0.008445107142857143 0.20172088839285715 0.029389660714285715 0.3235619419642857 0.15520709375 0.30692805803571427 0.14787804910714283 0.18787098214285716
0 0.2404324732142857 0.2835487633928572 0.18394983482142857 0.29084791071428573 0.18574591517857142 0.3333807633928571 0.24730255803571427 0.3269247946428572 0.2404324732142857 0.2835487633928572
0 0.22518055803571427 0.21844479464285715 0.17114761607142856 0.22041549107142858 0.17954438839285713 0.27343063839285714 0.2330684375 0.2682469107142857 0.22518055803571427 0.21844479464285715
0 0.15092632142857143 0.373478875 0.11346747767857143 0.3761181339285714 0.11205051785714286 0.4191598883928571 0.15677862053571429 0.4104288303571429 0.15092632142857143 0.373478875
0 0.2820871651785714 0.39058190625 0.18248294196428572 0.40635766517857147 0.20156652232142855 0.5268466473214286 0.29609673660714286 0.5102277142857143 0.2820871651785714 0.39058190625
0 0.4612740714285714 0.22222176339285715 0.41121751785714283 0.228503125 0.4093714955357143 0.25843826785714286 0.4448097098214286 0.27423407589285714 0.4603160714285714 0.34094455357142855 0.4795943080357143 0.33789118303571425 0.4612740714285714 0.22222176339285715
0 0.5071446473214286 0.3038848794642857 0.48008825892857143 0.30981700446428573 0.4879761383928572 0.35961912053571427 0.5171479464285714 0.35664557589285717 0.5071446473214286 0.3038848794642857
0 0.5166539955357143 0.38471975892857146 0.4863845669642857 0.39116078571428575 0.4888492098214286 0.4171195491071429 0.5241128125 0.4214152633928571 0.5166539955357143 0.38471975892857146
0 0.5659373571428572 0.17600196428571427 0.4963481116071429 0.18373016964285713 0.5001947232142857 0.27040240625 0.5780710178571429 0.2630084732142857 0.5659373571428572 0.17600196428571427
0 0.5769883392857142 0.2977631830357143 0.5250708080357143 0.30269246875 0.5356927321428572 0.41134708482142857 0.5937818883928572 0.40379348214285715 0.5769883392857142 0.2977631830357143
0 0.6297989821428571 0.21529188392857143 0.5898904375 0.22325959821428573 0.5965210223214286 0.2963163303571429 0.6409148482142858 0.2958723169642857 0.6297989821428571 0.21529188392857143
0 0.6223252142857143 0.14730916071428574 0.5862184375 0.14808745089285713 0.5922453482142858 0.19653749107142857 0.6297042008928572 0.19389823660714287 0.6223252142857143 0.14730916071428574
0 0.65572275 0.3165824642857143 0.5930684821428571 0.32650592857142857 0.6003676383928571 0.3829885580357143 0.6683503616071428 0.37551479464285714 0.65572275 0.3165824642857143
0 0.7111926964285714 0.13652757589285716 0.6394880357142857 0.14129719196428572 0.6529238258928572 0.2989107455357143 0.7227675223214286 0.2927890491071428 0.7111926964285714 0.13652757589285716
0 0.7149394285714286 0.3681358125 0.7470698258928571 0.36304685714285717 0.7459572544642857 0.33522712499999996 0.7312441294642857 0.3359106383928571 0.7256462767857144 0.30056720089285716 0.6680660178571428 0.3113338392857143 0.6763031294642857 0.384136125 0.7105489330357143 0.3820057589285714 0.7149394285714286 0.3681358125
0 0.7685633571428572 0.21801607142857143 0.7300068839285715 0.2241228169642857 0.7372262008928571 0.2904990178571429 0.7754483928571428 0.29267932142857145 0.7685633571428572 0.21801607142857143
0 0.7595078705357142 0.3791918928571429 0.7785316607142857 0.3745319955357143 0.772439861607143 0.36726273660714287 0.7730136428571429 0.3292949955357143 0.7523833348214285 0.33420933035714284 0.7595078705357142 0.3791918928571429