0 0.2702005401785714 0.160720625 0.21117474553571428 0.14170583482142857 0.19900654910714285 0.19895269196428572 0.257142875 0.21454418303571426 0.2702005401785714 0.160720625
0 0.25754665625 0.25829213839285714 0.17531267410714285 0.23434430357142857 0.1558718794642857 0.30298224107142857 0.24218689732142856 0.3229461785714286 0.25754665625 0.25829213839285714
0 0.8556226116071429 0.36601171428571433 0.8162845625 0.36088438839285714 0.8094157455357143 0.4160234285714286 0.8431255491071428 0.42480578125 0.8556226116071429 0.36601171428571433
0 0.8550842366071428 0.30768111160714284 0.8365176919642857 0.3037346696428571 0.8257621116071429 0.34672774107142856 0.8462047455357142 0.34945584375 0.8550842366071428 0.30768111160714284
0 0.8652499821428572 0.4424454017857143 0.8404945848214286 0.4371834776785714 0.8346720580357143 0.45696836607142854 0.857551375 0.46344863392857144 0.8536049330357143 0.4820151830357143 0.8585754419642857 0.4814545758928572 0.8652499821428572 0.4424454017857143
0 0.9053651339285714 0.38305327678571427 0.8663559553571429 0.3763787366071428 0.85958428125 0.42345284375 0.89549903125 0.42946964732142856 0.9053651339285714 0.38305327678571427
0 0.8969561071428572 0.30849567410714285 0.8699957589285715 0.3059993035714286 0.8616768660714286 0.35274454464285715 0.8870900044642857 0.3549120401785714 0.8969561071428572 0.30849567410714285
0 0.9344180714285715 0.3148413392857143 0.9074577232142857 0.31234497767857144 0.90378046875 0.3600768258928571 0.9254414419642857 0.3646810089285714 0.9344180714285715 0.3148413392857143
0 0.9644880669642857 0.39400313392857145 0.9323254821428572 0.3855496473214286 0.9242383258928571 0.43881260714285714 0.95143040625 0.44782669196428576 0.9644880669642857 0.39400313392857145
0 0.9708934241071429 0.3258286517857143 0.9526557455357143 0.320335 0.94288678125 0.3586864330357143 0.96609496875 0.3636194866071429 0.9708934241071429 0.3258286517857143
0 0.8541280803571428 0.4643381071428571 0.8235127053571428 0.45621349107142856 0.81857965625 0.4794216785714286 0.8495239017857142 0.48599908035714284 0.8541280803571428 0.4643381071428571
0 0.8938921383928572 0.4598532901785714 0.8722311696428572 0.4552491116071429 0.86752984375 0.48497501339285715 0.8888619464285714 0.49112640625 0.8938921383928572 0.4598532901785714