0 0.9613038705357143 0.4918820892857143 0.9015798303571428 0.48128197767857145 0.8919121383928571 0.5300623303571429 0.9487250625 0.5463669017857142 0.9613038705357143 0.4918820892857143
0 0.5212304866071429 0.43013651339285713 0.48793421428571426 0.4224494642857143 0.4789633928571429 0.4889261875 0.5062057991071429 0.4952155892857143 0.5212304866071429 0.43013651339285713
0 0.1507785357142857 0.3637405580357143 0.10118353125 0.35069652232142856 0.10304251785714287 0.3909790714285714 0.14239266071428572 0.40006376785714287 0.1507785357142857 0.3637405580357143
0 0.19397414732142856 0.3354538125 0.16102728571428573 0.32625329464285713 0.15590193749999998 0.35535858482142857 0.1868700982142857 0.3593198794642857 0.19397414732142856 0.3354538125
0 0.0826764107142857 0.3065704375 0.039484691964285716 0.29341057589285713 0.03319528571428571 0.3206529776785714 0.07673641964285714 0.33229937499999995 0.0826764107142857 0.3065704375
0 0.6572147678571428 0.4073303660714286 0.6303217767857143 0.39952749553571426 0.6255458348214286 0.4271193125 0.6512747723214286 0.4330593080357143 0.6572147678571428 0.4073303660714286
0 0.6802661875 0.4110580714285715 0.6621045848214286 0.40686513839285715 0.65313765625 0.43189525446428567 0.6694363794642857 0.43725224107142857 0.6802661875 0.4110580714285715
0 0.7130972276785714 0.41385530803571424 0.6900458125000001 0.4101276071428571 0.6803800580357143 0.4381846607142857 0.7086707008928571 0.43993366071428575 0.7130972276785714 0.41385530803571424
0 0.7467429151785714 0.42002889285714284 0.7236915 0.41630118749999995 0.7196143839285715 0.4408660714285714 0.7408029241071429 0.4457578303571429 0.7467429151785714 0.42002889285714284
0 0.7716572142857142 0.42259254464285717 0.7493046160714286 0.41583790625 0.7441792678571428 0.4449431919642857 0.7660666294642857 0.44680801785714286 0.7716572142857142 0.42259254464285717
0 0.7947086294642858 0.42632024999999996 0.7720066250000001 0.42107907589285715 0.7690935625 0.44750684375 0.7887686339285714 0.45204919196428567 0.7947086294642858 0.42632024999999996
0 0.8188082767857142 0.4255075491071429 0.7923805178571428 0.4225944866071428 0.7846934642857143 0.4558907633928571 0.8133335178571429 0.45612629910714286 0.8188082767857142 0.4255075491071429
0 0.8573437767857143 0.4312159017857143 0.8282384910714286 0.42609055357142855 0.8205514419642858 0.45938683035714284 0.850355549107143 0.4614852410714286 0.8573437767857143 0.4312159017857143
0 0.44206497321428573 0.4070773080357143 0.41249445089285713 0.3970621473214285 0.4116759107142857 0.4351324107142857 0.4343779241071429 0.44037358035714286 0.44206497321428573 0.4070773080357143