0 0.2170566517857143 0.23245074107142857 0.15701970535714288 0.22629310267857145 0.15701970535714288 0.28325123214285713 0.21551724107142856 0.2863300491071428 0.2170566517857143 0.23245074107142857
0 0.22475369642857143 0.32789408928571434 0.14162561607142857 0.32173645535714285 0.13700738839285714 0.3910098526785714 0.22321428571428573 0.3925492589285714 0.22475369642857143 0.32789408928571434
0 0.8158867008928572 0.30942118303571425 0.7774014776785715 0.3125 0.7820197053571428 0.3663793125 0.8158867008928572 0.36791871875 0.8158867008928572 0.30942118303571425
0 0.8035714285714286 0.25400246428571427 0.7850985223214285 0.25400246428571427 0.7835591116071429 0.29710591071428566 0.8035714285714286 0.29556650446428573 0.8035714285714286 0.25400246428571427
0 0.8374384241071429 0.4202586205357143 0.8420566517857143 0.4187192098214286 0.8405172410714286 0.3802339910714286 0.8158867008928572 0.3802339910714286 0.8143472901785714 0.40024630357142854 0.8374384241071429 0.4017857142857143 0.8374384241071429 0.4202586205357143
0 0.8666871919642858 0.31557881696428575 0.8282019687500001 0.3171182276785714 0.8312807901785714 0.3633004910714286 0.8666871919642858 0.36176108482142855 0.8666871919642858 0.31557881696428575
0 0.8435960580357144 0.24630541964285715 0.8174261071428571 0.24938423660714285 0.8189655178571428 0.29556650446428573 0.8435960580357144 0.29248768303571426 0.8435960580357144 0.24630541964285715
0 0.8805418705357143 0.24476600892857142 0.8543719196428572 0.24784482589285714 0.8605295580357143 0.29402709375 0.88208128125 0.29402709375 0.8805418705357143 0.24476600892857142
0 0.9251847276785714 0.31403941071428576 0.8928571428571429 0.3125 0.8959359598214285 0.3648399017857143 0.9236453214285715 0.36791871875 0.9251847276785714 0.31403941071428576
0 0.9174876830357144 0.24784482589285714 0.8990147767857143 0.24630541964285715 0.8974753705357142 0.2847906383928572 0.9205665044642857 0.2847906383928572 0.9174876830357144 0.24784482589285714
0 0.8343596071428572 0.403325125 0.8035714285714286 0.4017857142857143 0.8035714285714286 0.42487684821428573 0.8343596071428572 0.42487684821428573 0.8343596071428572 0.403325125
0 0.8713054196428571 0.3910098526785714 0.8497536964285715 0.3910098526785714 0.8512931026785714 0.4202586205357143 0.8728448258928572 0.42179803125 0.8713054196428571 0.3910098526785714