0 0.041826901785714285 0.5601028482142857 0.05600976785714286 0.5916245669642857 0.17014046428571428 0.55968646875 0.16187654017857142 0.3925632366071428 0.03244379464285714 0.32803092410714285 0.041826901785714285 0.5601028482142857
0 0.6450388258928571 0.18080871875 0.6191021562500001 0.20144598214285714 0.6310699866071429 0.2502349464285714 0.6486111964285713 0.23189599107142858 0.6450388258928571 0.18080871875
0 0.6874924732142856 0.1761288392857143 0.6585072142857143 0.20211299107142858 0.6673906651785714 0.28020864285714286 0.6984360669642857 0.2592141383928571 0.6874924732142856 0.1761288392857143
0 0.64462165625 0.2972019241071429 0.61333809375 0.31479060267857145 0.6202804776785714 0.38959951785714286 0.6502183705357142 0.37723863839285715 0.64462165625 0.2972019241071429
0 0.7300410625 0.27069398660714283 0.7070338883928571 0.28428145982142855 0.7148456294642856 0.34705092857142855 0.7379718794642857 0.3351663660714285 0.7300410625 0.27069398660714283
0 0.8357412901785715 0.02030723660714286 0.7409854553571428 0.10907252232142858 0.7509406160714286 0.20249435714285716 0.8471253928571428 0.13416397321428572 0.8357412901785715 0.02030723660714286
0 0.8123644151785714 0.19991041964285713 0.7777941116071428 0.21944016964285715 0.7838196741071428 0.2566660044642857 0.8132812410714285 0.23749349553571428 0.8123644151785714 0.19991041964285713
0 0.88700678125 0.14164260714285715 0.8329542053571428 0.17622458035714286 0.8456007142857143 0.2591907991071429 0.8905075446428572 0.24064948660714286 0.88700678125 0.14164260714285715
0 0.9509743660714286 0 0.9311041875 0.0136388125 0.9454652723214286 0.17006826785714285 0.9769077812500001 0.1523055 0.9662575446428571 0 0.9509743660714286 0
0 1 0.5170063258928571 0.9917206428571428 0.3641392946428571 0.9849289821428571 0.2670140491071428 0.77127978125 0.34652713839285715 0.7845808303571429 0.5612127455357142 0.83297675 0.5680959866071429 0.8387166741071429 0.5522934910714286 0.9387952633928572 0.5641189062499999 0.94363003125 0.5843156517857143 1 0.59154675 1 0.5170063258928571
0 0.8837301249999999 0.7065795312500001 0.9148587991071429 0.7112477410714285 0.9156448794642857 0.6735455892857143 0.9360797857142857 0.6721166428571428 0.9387952633928572 0.5641189062499999 0.8372519241071429 0.5558183839285714 0.8275582589285715 0.6129670089285714 0.8770258973214285 0.6351764330357142 0.8837301249999999 0.7065795312500001