0 0.09017162946428571 0.5526198080357143 0.1030378705357143 0.5826030714285714 0.21127845089285713 0.5543406473214285 0.20623226339285713 0.3964767008928572 0.08513912946428571 0.33344004910714287 0.09017162946428571 0.5526198080357143
0 0.6657202678571429 0.20458621428571427 0.6409017410714286 0.22363600446428572 0.6513930223214286 0.2698792767857143 0.6682502008928571 0.25286028125 0.6657202678571429 0.20458621428571427
0 0.7058643258928571 0.20086879910714286 0.6780805223214286 0.22491466071428573 0.6851780267857144 0.29876623214285714 0.7148239553571428 0.2794634464285714 0.7058643258928571 0.20086879910714286
0 0.6634091116071429 0.3144290892857143 0.6335945178571428 0.33051360267857144 0.6389142232142857 0.4012312366071429 0.6673726785714286 0.39005845535714284 0.6634091116071429 0.3144290892857143
0 0.7444630491071429 0.2908185714285714 0.7225254732142857 0.30326315625 0.728864 0.3626325133928571 0.75088590625 0.3517970580357143 0.7444630491071429 0.2908185714285714
0 0.8483457767857142 0.056249468749999997 0.7574546785714286 0.13846351785714286 0.7653111696428571 0.22679731250000001 0.8572142410714285 0.16389289285714284 0.8483457767857142 0.056249468749999997
0 0.8233243794642856 0.22537052232142857 0.7903758392857142 0.24323283482142857 0.7954494017857143 0.27846515625 0.8235705267857142 0.2608558348214286 0.8233243794642856 0.22537052232142857
0 0.8947303482142858 0.17160808482142856 0.8431468303571429 0.20335545535714286 0.8537156071428571 0.2818657767857143 0.8964032901785715 0.2651066116071429 0.8947303482142858 0.17160808482142856
0 0.9494341116071429 0.19939873214285714 0.9839516250000001 0.18068583482142858 0.9758860669642857 0.026785763392857143 0.9384573705357143 0.05152692410714286 0.9494341116071429 0.19939873214285714
0 0.8423900758928572 0.5583772589285714 0.9366475848214285 0.5711865357142857 0.9408778303571428 0.5903275 0.9977878928571429 0.5986398571428572 0.9865080357142857 0.29104196875 0.7821341339285715 0.3630678526785714 0.7911507321428571 0.5659032633928571 0.8367125133928572 0.5731968035714285 0.8423900758928572 0.5583772589285714
0 0.8823312589285714 0.7047311071428571 0.9116330267857142 0.7096496875 0.9129960133928572 0.6740800401785715 0.9323056383928572 0.6730680625 0.9366475848214285 0.5711865357142857 0.8409496071428572 0.5616798616071429 0.8308594464285715 0.6154559821428572 0.8771802142857144 0.6372317410714287 0.8823312589285714 0.7047311071428571