0 0.6130605133928572 0.4021362321428571 0.6003325 0.40484165625 0.6047288125 0.42552467410714284 0.6206388258928571 0.42214289285714285 0.6130605133928572 0.4021362321428571
0 0.5910247857142857 0.40016854017857145 0.5706799464285714 0.4061558482142857 0.5782582633928571 0.42616250892857144 0.5982649196428572 0.4185841964285714 0.5910247857142857 0.40016854017857145
0 0.5859521205357143 0.3763035178571429 0.5668601026785715 0.3803616517857143 0.5725092410714286 0.39911548660714286 0.59058671875 0.3902843482142857 0.5859521205357143 0.3763035178571429
0 0.5647540089285714 0.4173927455357143 0.5523641741071429 0.42168917410714285 0.5563224151785714 0.4324880044642857 0.5683740714285714 0.4266005758928571 0.5647540089285714 0.4173927455357143
0 0.5600195178571429 0.39511873214285714 0.5472915089285715 0.3978241517857143 0.5494204598214286 0.41566334374999997 0.5649922946428572 0.4106905669642857 0.5600195178571429 0.39511873214285714
0 0.5387600267857143 0.40462621875 0.5222735491071429 0.4131191785714286 0.5273462142857143 0.43698420089285717 0.5457618794642857 0.4297440625 0.5387600267857143 0.40462621875
0 0.5766829196428571 0.34834184821428577 0.5639549017857143 0.35104727232142857 0.5638164999999999 0.36604264285714283 0.5793883392857142 0.3610698616071429 0.5766829196428571 0.34834184821428577
0 0.5554234330357143 0.35784933928571433 0.5395134196428572 0.36123111607142855 0.5408276116071429 0.3908836785714286 0.5579904508928571 0.38557271875000004 0.5554234330357143 0.35784933928571433
0 0.53074365625 0.3747353705357143 0.5100606339285714 0.37913168303571426 0.5202444821428571 0.40357317410714283 0.5374073169642857 0.3982622142857143 0.53074365625 0.3747353705357143
0 0.6479626517857142 0.38640313392857145 0.6272796383928572 0.3907994464285714 0.6342814821428571 0.41591729464285715 0.6549645000000001 0.41152098214285715 0.6479626517857142 0.38640313392857145
0 0.6458722142857143 0.34527539285714287 0.61188471875 0.3574883080357143 0.6185483839285714 0.38101514732142855 0.6449190535714286 0.37208412500000004 0.6458722142857143 0.34527539285714287
0 0.6111698482142858 0.3775948571428572 0.5974273035714285 0.3755272767857143 0.6027382633928572 0.3926901116071429 0.6154662678571429 0.3899846919642857 0.6111698482142858 0.3775948571428572
0 0.6024771116071428 0.3445220089285714 0.5878199241071428 0.34597460714285716 0.5944835937499999 0.36950144642857147 0.6072115982142857 0.3667960267857143 0.6024771116071428 0.3445220089285714
0 0.86662184375 0.26509595089285715 0.8533173660714286 0.27291254910714285 0.8616334107142858 0.32768295535714287 0.8752760625 0.3214573482142857 0.86662184375 0.26509595089285715
0 0.42456896875 0.4854363080357143 0.3987747767857143 0.4892561517857143 0.4084820401785714 0.5271020044642857 0.43167070535714286 0.5188473348214285 0.42456896875 0.4854363080357143