0 0.07543103571428571 0.3648399017857143 0.041564040178571425 0.35714285714285715 0.03540640178571429 0.4202586205357143 0.07235221875 0.42179803125 0.07543103571428571 0.3648399017857143
0 0.29402709375 0.3340517232142857 0.22321428571428573 0.3171182276785714 0.22321428571428573 0.3494458125 0.2909482767857143 0.3633004910714286 0.29402709375 0.3340517232142857
0 0.3802339910714286 0.55264778125 0.3925492589285714 0.5541871919642857 0.4017857142857143 0.5449507410714286 0.4017857142857143 0.5218596071428572 0.3910098526785714 0.5080049241071428 0.3756157633928571 0.5126231517857143 0.3756157633928571 0.53263546875 0.3802339910714286 0.55264778125
0 0.4064039419642857 0.45874384375000005 0.38177339732142856 0.45874384375000005 0.38177339732142856 0.48953201785714284 0.40794334821428574 0.48953201785714284 0.4064039419642857 0.45874384375000005
0 0.3925492589285714 0.4387315267857143 0.403325125 0.4294950758928571 0.4017857142857143 0.4141009866071429 0.3910098526785714 0.4017857142857143 0.3802339910714286 0.4171798035714286 0.38177339732142856 0.4310344821428571 0.3925492589285714 0.4387315267857143
0 0.6265394107142858 0.40794334821428574 0.5957512321428571 0.4141009866071429 0.5957512321428571 0.4572044330357143 0.6265394107142858 0.4556650267857143 0.6265394107142858 0.40794334821428574
0 0.6234605892857142 0.3925492589285714 0.6742610848214285 0.3879310357142857 0.6727216741071428 0.3586822678571429 0.6419334955357143 0.36022167410714284 0.6419334955357143 0.36945812946428574 0.6034482767857143 0.37253694642857144 0.6019088660714286 0.39870689732142855 0.6173029553571429 0.39870689732142855 0.6234605892857142 0.3925492589285714
0 0.6265394107142858 0.5203201964285714 0.5942118214285713 0.5218596071428572 0.5957512321428571 0.5649630535714285 0.6280788169642857 0.5680418705357143 0.6265394107142858 0.5203201964285714
0 0.6834975357142856 0.5233990133928571 0.6511699508928571 0.5249384241071429 0.6480911339285714 0.56958128125 0.6850369464285714 0.56958128125 0.6834975357142856 0.5233990133928571
0 0.6542487678571429 0.46644088839285713 0.6157635446428572 0.46644088839285713 0.6188423660714285 0.5110837455357143 0.6542487678571429 0.5095443348214286 0.6542487678571429 0.46644088839285713
0 0.6819581294642857 0.403325125 0.6465517232142857 0.40794334821428574 0.6480911339285714 0.4525862053571429 0.6819581294642857 0.45104679910714285 0.6819581294642857 0.403325125