0 0.45982142857142855 0.17857142857142858 0.10714285714285714 0.12946428571428573
0 0.5580357142857143 0.19196428571428573 0.10267857142857142 0.12946428571428573
0 0.4174107142857143 0.3169642857142857 0.11607142857142858 0.10714285714285714
0 0.53125 0.359375 0.04017857142857143 0.05357142857142857
0 0.5625 0.34375 0.08035714285714286 0.10714285714285714
0 0.8595492142857143 0.17907008928571427 0.8029510714285715 0.1690903080357143 0.7919284241071428 0.25051508482142854 0.8433901651785715 0.2612565401785714 0.8595492142857143 0.17907008928571427
0 0.7901785714285714 0.21428571428571427 0.08035714285714286 0.07589285714285714
0 0.7232142857142857 0.3325892857142857 0.09821428571428571 0.11607142857142858
0 0.8214285714285714 0.38169642857142855 0.09375 0.11160714285714286
0 0.7589285714285714 0.40848214285714285 0.06696428571428571 0.05357142857142857
0 0.44642857142857145 0.35044642857142855 0.03571428571428571 0.044642857142857144