0 0.1342018392857143 0.3823529508928571 0.12304560267857143 0.37819424107142857 0.08660734821428571 0.37975448660714284 0.09128134375 0.44659577232142855 0.09443643303571428 0.44933844642857146 0.13375483035714286 0.4465890357142857 0.13832595535714284 0.4413305625 0.1342018392857143 0.3823529508928571
0 0.05955167857142857 0.4448634598214286 0.04249768303571429 0.4411171607142857 0.019958339285714284 0.4436810267857143 0.02435739285714286 0.5065904776785715 0.027512482142857144 0.5093331517857143 0.06093312053571428 0.5069961517857143 0.06340085267857143 0.49990922767857143 0.05955167857142857 0.4448634598214286
0 0.03145779017857143 0.5940051875 0.046910214285714284 0.5889735848214286 0.0705012544642857 0.5873239375 0.07507237946428572 0.5820654598214287 0.07621347321428572 0.57013246875 0.07136067410714285 0.5289856116071429 0.06820558928571428 0.5262429419642857 0.025092816964285714 0.5312332142857142 0.022487611607142858 0.53635421875 0.024233392857142856 0.58957153125 0.03145779017857143 0.5940051875
0 0.1851639017857143 0.5743671071428571 0.19042238392857144 0.5789382321428571 0.1982860625 0.5783883526785714 0.20784072321428573 0.5737691607142857 0.24885010267857144 0.5669504375 0.25524967857142855 0.5595885714285714 0.24590167857142856 0.425906 0.24274659375 0.42316332589285716 0.19739295982142857 0.4243592276785714 0.17773376339285712 0.4257339330357143 0.17499108482142858 0.42888902232142856 0.1851639017857143 0.5743671071428571
0 0.31646140625 0.5167853348214286 0.31920408035714287 0.51363025 0.31453008035714286 0.44678896428571424 0.26826222767857144 0.4490365625 0.27215946875 0.5188954598214286 0.31646140625 0.5167853348214286
0 0.24300041071428571 0.5821759866071429 0.23984532589285715 0.5794333125 0.20669962946428572 0.5857021517857143 0.20395695089285715 0.5888572366071428 0.20734564285714288 0.6231921026785715 0.2347310535714286 0.6193015982142857 0.2451999419642857 0.6136307098214286 0.24300041071428571 0.5821759866071429
0 0.28505475446428574 0.533798 0.2878041607142857 0.5731164062499999 0.2909592544642857 0.5758590758928571 0.31244690178571427 0.5723809776785714 0.3151895758928571 0.5692258928571429 0.3125776383928572 0.5318734151785715 0.28505475446428574 0.533798
0 0.3026797589285714 0.3903271607142857 0.29742128125 0.3857560357142857 0.2718643169642857 0.3875431517857143 0.2742493883928571 0.4357769330357143 0.2774044732142857 0.43851960714285715 0.30099551339285713 0.4368699642857143 0.3052917008928571 0.4276796428571429 0.3026797589285714 0.3903271607142857
0 0.3606124017857143 0.4277623080357143 0.35535392410714284 0.4231911875 0.3296594955357143 0.42301238392857143 0.3269168169642857 0.42616746875 0.33035358035714285 0.47531546874999997 0.33561205803571426 0.4798865982142857 0.3610315535714285 0.47613355803571433 0.3606124017857143 0.4277623080357143
0 0.35925117410714286 0.49305008928571425 0.35609608035714285 0.49030741517857146 0.33460843303571425 0.4937855089285715 0.3375433839285714 0.54988296875 0.3428018616071428 0.55445409375 0.35839175 0.55138840625 0.3631003482142857 0.5480958482142857 0.35925117410714286 0.49305008928571425
0 0.7890522589285714 0.43830130357142855 0.7917949330357142 0.43514621875 0.7861038392857143 0.2972568660714286 0.7829487544642857 0.29451419196428574 0.7496655803571429 0.29881711160714286 0.6853400982142857 0.31121732142857145 0.6825974241071429 0.31437240625 0.6876011696428571 0.44243215625000004 0.6907562544642857 0.44517483035714284 0.7890522589285714 0.43830130357142855
0 0.14725308482142857 0.4611379955357143 0.09467865625 0.4663714285714286 0.0946135 0.5099739553571428 0.1334591875 0.5088146696428572 0.13641725 0.5288497366071429 0.15036269196428573 0.5278745758928571 0.14725308482142857 0.4611379955357143