0 0.6373152723214286 0.44950738839285714 0.625 0.44950738839285714 0.625 0.4695197053571429 0.6403940892857143 0.4695197053571429 0.6373152723214286 0.44950738839285714
0 0.6173029553571429 0.4433497544642857 0.5972906383928571 0.4448891607142857 0.6003694598214285 0.46490147767857143 0.6203817723214285 0.46182266071428574 0.6173029553571429 0.4433497544642857
0 0.6173029553571429 0.4202586205357143 0.5988300491071429 0.4202586205357143 0.6003694598214285 0.4387315267857143 0.6188423660714285 0.43411329910714286 0.6173029553571429 0.4202586205357143
0 0.5895935982142857 0.45412561607142854 0.5772783258928572 0.4556650267857143 0.5788177321428571 0.46644088839285713 0.5911330044642857 0.4633620669642857 0.5895935982142857 0.45412561607142854
0 0.5895935982142857 0.43257389285714287 0.5772783258928572 0.43257389285714287 0.5757389151785715 0.44950738839285714 0.5911330044642857 0.44796798214285716 0.5895935982142857 0.43257389285714287
0 0.5680418705357143 0.43719211607142855 0.551108375 0.44181034375 0.551108375 0.46490147767857143 0.56958128125 0.46182266071428574 0.5680418705357143 0.43719211607142855
0 0.6142241383928572 0.3925492589285714 0.6019088660714286 0.3925492589285714 0.5988300491071429 0.4064039419642857 0.6142241383928572 0.40486453125 0.6142241383928572 0.3925492589285714
0 0.5926724151785715 0.3971674866071429 0.5772783258928572 0.3971674866071429 0.5726600982142857 0.42487684821428573 0.5895935982142857 0.42333743749999997 0.5926724151785715 0.3971674866071429
0 0.5665024642857143 0.40794334821428574 0.5464901473214285 0.40794334821428574 0.551108375 0.43257389285714287 0.5680418705357143 0.4310344821428571 0.5665024642857143 0.40794334821428574
0 0.6727216741071428 0.44181034375 0.6527093616071429 0.44181034375 0.6542487678571429 0.46644088839285713 0.6742610848214285 0.46644088839285713 0.6727216741071428 0.44181034375
0 0.6788793125 0.403325125 0.6450123169642856 0.40794334821428574 0.6465517232142857 0.4310344821428571 0.6727216741071428 0.4279556651785715 0.6788793125 0.403325125
0 0.6403940892857143 0.4264162544642857 0.6280788169642857 0.42179803125 0.6296182276785715 0.4387315267857143 0.6419334955357143 0.4387315267857143 0.6403940892857143 0.4264162544642857
0 0.6388546785714285 0.39408866964285716 0.625 0.3925492589285714 0.6265394107142858 0.4156403928571429 0.6388546785714285 0.4156403928571429 0.6388546785714285 0.39408866964285716
0 0.8990147767857143 0.37253694642857144 0.8851600982142857 0.3771551741071429 0.88208128125 0.4294950758928571 0.8959359598214285 0.4264162544642857 0.8990147767857143 0.37253694642857144
0 0.44642857142857145 0.48953201785714284 0.42179803125 0.48799261160714286 0.42333743749999997 0.5249384241071429 0.44642857142857145 0.5218596071428572 0.44642857142857145 0.48953201785714284