0 0.9248369107142856 0.2626819910714286 0.8657453437499999 0.28067558035714285 0.8795254732142858 0.3294062633928571 0.9386129107142857 0.31793451339285717 0.9248369107142856 0.2626819910714286
0 0.49698775892857144 0.4101118125 0.46322232589285717 0.41853047767857143 0.4858161696428572 0.48299588392857146 0.5134424285714286 0.47610788392857145 0.49698775892857144 0.4101118125
0 0.13016000892857144 0.5211346651785714 0.07912919642857143 0.532227875 0.09943941071428572 0.5679190133928571 0.13934400892857143 0.5579696785714285 0.13016000892857144 0.5211346651785714
0 0.15627623660714285 0.4754983125 0.12212813392857143 0.4823821875 0.1309335982142857 0.5111605758928571 0.16086410714285715 0.5004376607142856 0.15627623660714285 0.4754983125
0 0 0.5221619821428571 0.003549955357142857 0.5364000758928571 0.04844160267857143 0.5268375357142857 0.04193626785714286 0.5007460669642857 0 0.5081819330357142 0 0.5221619821428571
0 0.6098300625 0.32655020089285713 0.5818211383928571 0.3319034107142857 0.5902439241071429 0.35914700446428577 0.6163353973214286 0.3526416696428571 0.6098300625 0.32655020089285713
0 0.6324692857142857 0.3192754107142857 0.6140517767857142 0.3238674107142857 0.6174875223214286 0.35072421428571426 0.63475290625 0.34804966964285716 0.6324692857142857 0.3192754107142857
0 0.6635519241071428 0.30663503124999997 0.6409127053571428 0.31390982142857143 0.6451137857142858 0.34383621428571426 0.6715920491071429 0.3323438348214286 0.6635519241071428 0.30663503124999997
0 0.6969346830357143 0.29668157142857143 0.6742954687499999 0.30395636607142856 0.6819529285714285 0.3281303705357143 0.7034400178571428 0.3227730401785714 0.6969346830357143 0.29668157142857143
0 0.72072603125 0.2874893169642857 0.697321482142857 0.2916945267857143 0.7061269419642857 0.3204729151785714 0.7268487008928571 0.31204599553571427 0.72072603125 0.2874893169642857
0 0.7433652544642857 0.2802145267857143 0.7203433660714286 0.2859545267857143 0.72991828125 0.3112806651785714 0.7498705848214285 0.3063059955357143 0.7433652544642857 0.2802145267857143
0 0.7648564687499999 0.2683353526785714 0.7395303303571429 0.27791027232142856 0.747949 0.3116757008928572 0.7740445982142857 0.29864853571428573 0.7648564687499999 0.2683353526785714
0 0.8024609464285714 0.25569910267857143 0.7736825580357143 0.2645045669642857 0.7821012232142858 0.29826999553571426 0.81011428125 0.2863949508928571 0.8024609464285714 0.25569910267857143
0 0.4144957633928571 0.42578876785714287 0.38303458035714283 0.4303725223214286 0.39989254910714284 0.4652942008928571 0.4229144330357143 0.45955420089285715 0.4144957633928571 0.42578876785714287