0 0.7607421875 0.1484375 0.5927734375 0.2109375 0.5859375 0.2236328125 0.587890625 0.3076171875 0.578125 0.3251953125 0.5791015625 0.4140625 0.7705078125 0.419921875 0.791015625 0.1435546875 0.7607421875 0.1484375
0 1 0.3076171875 0.9560546875 0.30859375 0.943359375 0.3154296875 0.943359375 0.3642578125 0.9501953125 0.369140625 0.9912109375 0.3671875 0.99609375 0.3544921875 0.99609375 0.3349609375 1 0.3291015625 1 0.3076171875
0 0.9736328125 0.490234375 0.98046875 0.4794921875 0.982421875 0.4541015625 0.990234375 0.4326171875 0.990234375 0.4169921875 0.9833984375 0.412109375 0.9267578125 0.412109375 0.923828125 0.4150390625 0.919921875 0.4853515625 0.9228515625 0.48828125 0.9423828125 0.490234375 0.9736328125 0.490234375
0 0.9501953125 0.60546875 0.9619140625 0.603515625 0.96484375 0.6005859375 0.9765625 0.5283203125 0.9658203125 0.521484375 0.9111328125 0.515625 0.90625 0.5322265625 0.90625 0.5615234375 0.90234375 0.5751953125 0.904296875 0.5927734375 0.9501953125 0.60546875
0 0.892578125 0.6884765625 0.9130859375 0.705078125 0.9501953125 0.7109375 0.9697265625 0.705078125 0.982421875 0.6923828125 0.984375 0.6650390625 0.98046875 0.6533203125 0.9677734375 0.63671875 0.9404296875 0.619140625 0.9228515625 0.615234375 0.8994140625 0.62109375 0.88671875 0.6318359375 0.880859375 0.6455078125 0.876953125 0.6591796875 0.87890625 0.6669921875 0.892578125 0.6806640625 0.892578125 0.6884765625
0 0.3756157633928571 0.3756157633928571 0.3586822678571429 0.37253694642857144 0.36022167410714284 0.4064039419642857 0.3771551741071429 0.403325125 0.3756157633928571 0.3756157633928571
0 0.376953125 0.3623046875 0.375 0.3310546875 0.3544921875 0.330078125 0.353515625 0.3623046875 0.3564453125 0.365234375 0.3740234375 0.365234375 0.376953125 0.3623046875
0 0.2685546875 0.44921875 0.2939453125 0.44140625 0.3173828125 0.439453125 0.3251953125 0.447265625 0.330078125 0.4306640625 0.330078125 0.4013671875 0.32421875 0.3681640625 0.32421875 0.3251953125 0.3134765625 0.3203125 0.2861328125 0.3203125 0.2763671875 0.31640625 0.2587890625 0.318359375 0.255859375 0.3212890625 0.255859375 0.3701171875 0.259765625 0.4443359375 0.2685546875 0.44921875
0 0.24609375 0.3681640625 0.2431640625 0.365234375 0.21484375 0.3662109375 0.21484375 0.4013671875 0.2431640625 0.40234375 0.24609375 0.3994140625 0.24609375 0.3681640625
0 0.380859375 0.4169921875 0.3779296875 0.41015625 0.357421875 0.4111328125 0.35546875 0.4462890625 0.3642578125 0.451171875 0.37890625 0.4287109375 0.380859375 0.4169921875
0 0.5146484375 0.41796875 0.521484375 0.4130859375 0.521484375 0.3466796875 0.4990234375 0.33984375 0.49609375 0.3427734375 0.498046875 0.4150390625 0.5009765625 0.41796875 0.5146484375 0.41796875