0 0.9436576339285715 0.38485221875 0.8836206875 0.3879310357142857 0.8851600982142857 0.43719211607142855 0.9436576339285715 0.44027093749999996 0.9436576339285715 0.38485221875
0 0.5049261071428571 0.42333743749999997 0.47105911160714287 0.42333743749999997 0.47721675 0.48953201785714284 0.5049261071428571 0.48953201785714284 0.5049261071428571 0.42333743749999997
0 0.13238916071428572 0.44181034375 0.08158866964285715 0.44027093749999996 0.09236453124999999 0.47875615624999995 0.13238916071428572 0.47875615624999995 0.13238916071428572 0.44181034375
0 0.16779556696428571 0.40486453125 0.13392857142857142 0.403325125 0.13546798214285713 0.43257389285714287 0.16625615625 0.4294950758928571 0.16779556696428571 0.40486453125
0 0.0538793125 0.4017857142857143 0.009236455357142858 0.39870689732142855 0.009236455357142858 0.4264162544642857 0.0538793125 0.4279556651785715 0.0538793125 0.4017857142857143
0 0.6311576339285715 0.37099753571428573 0.6034482767857143 0.36945812946428574 0.6049876830357144 0.3971674866071429 0.6311576339285715 0.3971674866071429 0.6311576339285715 0.37099753571428573
0 0.6542487678571429 0.36945812946428574 0.6357758616071428 0.36945812946428574 0.6326970446428571 0.39562808035714286 0.6496305401785715 0.3971674866071429 0.6542487678571429 0.36945812946428574
0 0.6865763526785714 0.3648399017857143 0.6634852232142857 0.3663793125 0.6604064017857143 0.39562808035714286 0.6881157633928572 0.3910098526785714 0.6865763526785714 0.3648399017857143
0 0.7204433482142857 0.3633004910714286 0.69735221875 0.3648399017857143 0.698891625 0.3894704419642857 0.7204433482142857 0.3894704419642857 0.7204433482142857 0.3633004910714286
0 0.7450738928571429 0.36022167410714284 0.7219827589285714 0.3586822678571429 0.7235221696428571 0.3879310357142857 0.7450738928571429 0.38485221875 0.7450738928571429 0.36022167410714284
0 0.7681650267857142 0.3586822678571429 0.7450738928571429 0.3586822678571429 0.7481527098214286 0.38485221875 0.7681650267857142 0.38485221875 0.7681650267857142 0.3586822678571429
0 0.79125615625 0.35252462946428575 0.7650862053571429 0.3556034464285714 0.7650862053571429 0.3894704419642857 0.7927955669642858 0.3833128080357143 0.79125615625 0.35252462946428575
0 0.8297413794642857 0.3494458125 0.8004926116071429 0.3509852232142857 0.8004926116071429 0.38485221875 0.8297413794642857 0.3802339910714286 0.8297413794642857 0.3494458125
0 0.42333743749999997 0.4187192098214286 0.3925492589285714 0.4156403928571429 0.40024630357142854 0.4525862053571429 0.42333743749999997 0.4525862053571429 0.42333743749999997 0.4187192098214286