0 0.20093548214285714 0.20952479910714286 0.13876027232142857 0.2062663348214286 0.14254715178571428 0.25602185714285713 0.19842896875000002 0.25735188392857145 0.20093548214285714 0.20952479910714286
0 0.32401908482142855 0.17920719642857144 0.2714092946428571 0.17645003125 0.2721748035714286 0.22284998214285714 0.3216796741071429 0.2238458125 0.32401908482142855 0.17920719642857144
0 0.3277291964285714 0.2609309910714286 0.26228196428571426 0.25909966071428575 0.2617874419642857 0.2990391205357143 0.3257239910714286 0.29919265624999997 0.3277291964285714 0.2609309910714286
0 0.32951087053571426 0.3489481830357143 0.25928092857142854 0.34686620535714285 0.2616406785714286 0.39334970089285715 0.3301928348214286 0.3969423660714286 0.32951087053571426 0.3489481830357143
0 0.500478 0.19804670535714286 0.4077616517857143 0.19798349107142857 0.4083600625 0.24757191071428572 0.4976372857142857 0.25225073214285715 0.500478 0.19804670535714286
0 0.47911164285714286 0.3312105892857143 0.42012490625 0.3281192232142857 0.4210575133928572 0.37133070535714285 0.47685578125 0.37425496874999997 0.47911164285714286 0.3312105892857143
0 0.6799515044642856 0.18986775446428572 0.5826195491071429 0.18636541071428572 0.58313440625 0.23754807142857143 0.67719434375 0.24247754464285715 0.6799515044642856 0.18986775446428572
0 0.6579031830357144 0.2750374464285714 0.5958115267857143 0.27018475 0.5886058571428572 0.3161669464285714 0.6555637723214286 0.3196760625 0.6579031830357144 0.2750374464285714
0 0.6710116160714286 0.36045101785714284 0.5720854196428571 0.35686513392857144 0.5726838348214286 0.4064535535714286 0.6668273124999999 0.4097887901785714 0.6710116160714286 0.36045101785714284
0 0.8240243883928572 0.21660166517857143 0.7697368080357142 0.2153551919642857 0.7654689642857143 0.26628719642857146 0.82286146875 0.26929500892857144 0.8240243883928572 0.21660166517857143
0 0.8172568080357143 0.3457347946428571 0.7613749955357143 0.3444047723214286 0.7654125267857143 0.3893775848214286 0.81785521875 0.3953232142857143 0.8172568080357143 0.3457347946428571
0 0.9932776339285715 0.28142337500000003 0.9185991830357143 0.27271379464285717 0.9155913705357143 0.33010629910714284 0.9887591339285714 0.33713809375000003 0.9932776339285715 0.28142337500000003
0 0.9792501517857143 0.2135464017857143 0.9380506607142857 0.20659138392857143 0.9378903348214286 0.24015389285714286 0.9729635357142856 0.24199199999999998 0.9792501517857143 0.2135464017857143
0 0.9778569107142857 0.3621445669642857 0.9044384955357143 0.3598954866071429 0.9008458303571428 0.42844763839285716 0.9725864553571428 0.43220740625 0.9778569107142857 0.3621445669642857